1 0.230134 0.245947 0.263015 0.261209 0.234069 0.323569 0.201188 0.308306
1 0.308089 0.280711 0.338205 0.294691 0.306802 0.362344 0.276685 0.348364
1 0.272691 0.265859 0.305572 0.281121 0.274168 0.348774 0.241288 0.333511
1 0.339694 0.295928 0.369917 0.309957 0.338517 0.377603 0.308294 0.363574
1 0.374459 0.310031 0.404675 0.324057 0.373275 0.391703 0.343059 0.377677
1 0.402764 0.339373 0.435871 0.354741 0.399330 0.433463 0.366223 0.418095
1 0.442131 0.360834 0.475238 0.376202 0.438697 0.454924 0.405590 0.439556
1 0.479217 0.379381 0.512324 0.394749 0.475783 0.473470 0.442676 0.458103
1 0.161964 0.202507 0.194851 0.217773 0.163435 0.285454 0.130547 0.270188
1 0.127909 0.179587 0.160789 0.194849 0.129373 0.262530 0.096492 0.247268
1 0.099143 0.150173 0.132023 0.165435 0.100607 0.233116 0.067727 0.217854
1 0.169681 0.046838 0.202562 0.062100 0.173616 0.124459 0.140735 0.109197
1 0.209080 0.073431 0.241960 0.088694 0.213014 0.151053 0.180134 0.135791
1 0.243549 0.095103 0.276429 0.110366 0.247483 0.172725 0.214602 0.157462
1 0.279994 0.113814 0.312874 0.129077 0.283928 0.191436 0.251048 0.176173
1 0.314463 0.130556 0.347343 0.145819 0.318397 0.208178 0.285516 0.192916
1 0.347955 0.149275 0.380835 0.164538 0.351889 0.226897 0.319009 0.211634
1 0.381439 0.169955 0.414320 0.185217 0.385373 0.247577 0.352493 0.232314
1 0.416900 0.189650 0.449780 0.204913 0.420834 0.267272 0.387954 0.252009
1 0.477509 0.231478 0.510390 0.246741 0.481444 0.309100 0.448563 0.293837
1 0.518345 0.247768 0.551225 0.263031 0.518733 0.333029 0.485853 0.317766
1 0.636933 0.387112 0.669813 0.402375 0.637317 0.472380 0.604437 0.457118
1 0.673643 0.402612 0.706524 0.417875 0.674028 0.487880 0.641148 0.472618
1 0.713618 0.417299 0.746499 0.432562 0.714007 0.502560 0.681126 0.487298
1 0.750331 0.436878 0.783211 0.452140 0.750716 0.522146 0.717836 0.506883
1 0.788673 0.457276 0.821553 0.472538 0.789061 0.542537 0.756181 0.527274
1 0.824572 0.472776 0.857452 0.488038 0.824960 0.558037 0.792079 0.542774
1 0.859104 0.489401 0.891985 0.504664 0.859489 0.574669 0.826609 0.559407
1 0.589259 0.463829 0.622147 0.479095 0.589655 0.549093 0.556767 0.533827
1 0.631462 0.484291 0.664342 0.499554 0.631850 0.569552 0.598970 0.554290
1 0.668556 0.500916 0.701436 0.516179 0.668944 0.586177 0.636064 0.570915
1 0.705642 0.518823 0.738522 0.534085 0.706030 0.604084 0.673150 0.588821
1 0.775978 0.553346 0.808858 0.568609 0.776366 0.638607 0.743486 0.623344
1 0.007376 0.302690 0.040257 0.317952 0.007764 0.387951 -0.025116 0.372688
1 0.027837 0.346174 0.060717 0.361437 0.028225 0.431435 -0.004655 0.416173
1 0.063651 0.367909 0.096532 0.383172 0.064036 0.453177 0.031156 0.437914
1 0.122478 0.402440 0.155358 0.417702 0.122866 0.487701 0.089986 0.472438
1 0.157002 0.420345 0.189889 0.435610 0.157397 0.505609 0.124509 0.490343
1 0.199204 0.431854 0.232085 0.447117 0.199593 0.517115 0.166712 0.501852
1 0.264431 0.474057 0.297311 0.489320 0.264819 0.559318 0.231939 0.544055
1 0.293845 0.503471 0.326725 0.518734 0.294233 0.588732 0.261353 0.573469
1 0.325814 0.534166 0.358694 0.549429 0.326202 0.619427 0.293322 0.604165
1 0.361626 0.552073 0.394507 0.567335 0.362014 0.637334 0.329134 0.622071
1 0.428126 0.585323 0.461007 0.600585 0.428514 0.670584 0.395634 0.655321
1 0.467767 0.600666 0.500647 0.615929 0.468155 0.685927 0.435275 0.670665
1 0.506134 0.617291 0.539014 0.632554 0.506522 0.702552 0.473642 0.687290
1 0.539384 0.641588 0.572264 0.656851 0.539772 0.726849 0.506892 0.711587
1 0.569556 0.667034 0.602436 0.682296 0.569944 0.752294 0.537064 0.737032
1 0.605368 0.684940 0.638249 0.700202 0.605757 0.770201 0.572876 0.754938
1 0.643073 0.704729 0.675954 0.719992 0.643458 0.789997 0.610578 0.774735
1 0.709041 0.735837 0.741928 0.751103 0.709436 0.821101 0.676549 0.805835
1 0.249095 0.577495 0.281975 0.592757 0.249483 0.662755 0.216603 0.647493
1 0.283025 0.595401 0.315905 0.610663 0.283413 0.680662 0.250533 0.665399
1 0.321673 0.616135 0.354553 0.631398 0.322061 0.701396 0.289181 0.686133
1 0.159439 0.694362 0.192319 0.709624 0.159827 0.779623 0.126947 0.764360
1 0.209642 0.716526 0.242522 0.731788 0.210030 0.801787 0.177150 0.786524
0 0.453236 0.203572 0.482125 0.217043 0.449045 0.287983 0.420156 0.274512
0 0.199750 0.222470 0.228639 0.235941 0.195562 0.306874 0.166674 0.293403
0 0.521408 0.404023 0.550304 0.417498 0.517224 0.488438 0.488329 0.474963
0 0.234063 0.454064 0.262951 0.467535 0.229875 0.538467 0.200986 0.524997
0 0.398469 0.567001 0.427358 0.580472 0.394281 0.651405 0.365392 0.637934
0 0.680094 0.719970 0.708983 0.733441 0.675906 0.804374 0.647017 0.790903
0 0.357010 0.637049 0.385898 0.650519 0.352818 0.721459 0.323930 0.707988
0 0.392750 0.655634 0.421639 0.669105 0.388562 0.740038 0.359674 0.726567
0 0.428424 0.672935 0.463126 0.689117 0.430115 0.759908 0.395413 0.743727
0 0.465112 0.691379 0.499821 0.707564 0.466810 0.778355 0.432101 0.762170
0 0.500854 0.712037 0.535555 0.728219 0.502545 0.799010 0.467843 0.782828
0 0.534379 0.738553 0.569080 0.754735 0.536067 0.825533 0.501365 0.809351
0 0.572613 0.759201 0.607315 0.775383 0.574301 0.846181 0.539599 0.830000
0 0.610270 0.778028 0.644978 0.794213 0.611965 0.865011 0.577256 0.848826
0 0.645707 0.796856 0.680416 0.813041 0.647402 0.883839 0.612693 0.867654
0 0.685582 0.815686 0.720283 0.831868 0.687270 0.902666 0.652568 0.886484
0 0.296831 0.800184 0.331539 0.816369 0.298529 0.887160 0.263820 0.870975
0 0.365026 0.834004 0.399735 0.850189 0.366724 0.920980 0.332015 0.904795
0 0.404293 0.853631 0.438994 0.869813 0.405981 0.940611 0.371279 0.924429
0 0.442034 0.873262 0.476742 0.889447 0.443732 0.960238 0.409023 0.944053
0 0.481299 0.894404 0.516001 0.910586 0.482990 0.981377 0.448288 0.965195
0 0.522067 0.914028 0.556775 0.930213 0.523762 1.001011 0.489053 0.984826
0 0.558308 0.930639 0.593010 0.946821 0.559996 1.017619 0.525295 1.001437
0 0.597565 0.948762 0.632274 0.964947 0.599263 1.035738 0.564554 1.019553
1 0.241868 0.742752 0.274749 0.758015 0.242257 0.828013 0.209376 0.812751
1 0.273572 0.768424 0.306452 0.783687 0.273960 0.853685 0.241079 0.838423
0 0.096571 0.385697 0.125459 0.399168 0.092383 0.470100 0.063494 0.456629
0 0.740774 0.535165 0.769662 0.548636 0.736586 0.619569 0.707697 0.606098
