1 0.182804 0.589681 0.206515 0.580341 0.226383 0.630780 0.202672 0.640120
1 0.206954 0.577486 0.230665 0.568145 0.250530 0.618577 0.226819 0.627917
1 0.230847 0.564664 0.256100 0.554717 0.275965 0.605148 0.250713 0.615096
1 0.260096 0.551266 0.285348 0.541319 0.305216 0.591758 0.279964 0.601705
1 0.288949 0.535531 0.314201 0.525584 0.334067 0.576016 0.308815 0.585963
1 0.317957 0.520422 0.343209 0.510475 0.363074 0.560906 0.337822 0.570853
1 0.346996 0.508999 0.372240 0.499054 0.392106 0.549486 0.366861 0.559430
1 0.375533 0.491522 0.400778 0.481578 0.420646 0.532017 0.395402 0.541961
1 0.404073 0.478712 0.433061 0.467294 0.452927 0.517725 0.423939 0.529144
1 0.436565 0.464306 0.465554 0.452887 0.485419 0.503319 0.456431 0.514738
1 0.468464 0.448470 0.497452 0.437051 0.517318 0.487483 0.488329 0.498902
1 0.089103 0.855791 0.118091 0.844372 0.137960 0.894811 0.108971 0.906230
1 0.059759 0.865572 0.088747 0.854153 0.108616 0.904592 0.079628 0.916011
1 0.010854 0.885142 0.039843 0.873723 0.059708 0.924155 0.030720 0.935574
1 0.586033 0.390666 0.615021 0.379247 0.634889 0.429686 0.605901 0.441105
1 0.619447 0.376595 0.648435 0.365177 0.668303 0.415615 0.639315 0.427034
1 0.717056 0.340541 0.746044 0.329122 0.765913 0.379561 0.736924 0.390980
1 0.747839 0.323837 0.776827 0.312419 0.796693 0.362850 0.767704 0.374269
1 0.715300 0.797126 0.744288 0.785708 0.764153 0.836139 0.735165 0.847558
1 0.744978 0.783424 0.773966 0.772005 0.793835 0.822444 0.764846 0.833862
1 0.797487 0.767448 0.826483 0.756027 0.846349 0.806458 0.817353 0.817880
1 0.824886 0.756033 0.853874 0.744614 0.873739 0.795045 0.844751 0.806464
1 0.850003 0.746900 0.878991 0.735481 0.898857 0.785913 0.869868 0.797331
1 0.877400 0.742330 0.906388 0.730911 0.926256 0.781350 0.897268 0.792769
1 0.941322 0.714931 0.970310 0.703513 0.990178 0.753951 0.961190 0.765370
1 0.839527 0.389830 0.830210 0.360100 0.888098 0.341959 0.897415 0.371689
1 0.842047 0.422156 0.832730 0.392425 0.890625 0.374282 0.899942 0.404012
1 0.851954 0.456811 0.842635 0.427073 0.900523 0.408932 0.909842 0.438670
1 0.903101 0.603671 0.893784 0.573941 0.951680 0.555797 0.960997 0.585528
1 0.957563 0.676280 0.948246 0.646549 0.996062 0.631564 1.005379 0.661295
1 0.868403 0.708151 0.859086 0.678420 0.906082 0.663693 0.915399 0.693423
1 0.804476 0.730984 0.795159 0.701253 0.853055 0.683110 0.862372 0.712840
1 0.744386 0.749908 0.735069 0.720178 0.792957 0.702037 0.802274 0.731767
1 0.622517 0.841581 0.651513 0.830160 0.671381 0.880598 0.642386 0.892020
1 0.691469 0.487591 0.682152 0.457861 0.729141 0.443135 0.738458 0.472866
1 0.637824 0.510581 0.628507 0.480850 0.675504 0.466122 0.684821 0.495853
1 0.417520 0.600620 0.408203 0.570889 0.455199 0.556161 0.464516 0.585892
1 0.228186 0.777963 0.218869 0.748232 0.269377 0.732404 0.278694 0.762135
0 0.215208 0.720841 0.261792 0.705345 0.269402 0.728221 0.222818 0.743718
0 0.218318 0.785224 0.264902 0.769727 0.272510 0.792597 0.225926 0.808093
0 0.062731 0.866708 0.082931 0.911445 0.060964 0.921363 0.040765 0.876626
0 0.673301 0.818987 0.695124 0.867320 0.673934 0.876888 0.652111 0.828555
0 0.696854 0.808688 0.718677 0.857021 0.696162 0.867187 0.674339 0.818854
0 0.720447 0.798477 0.742270 0.846810 0.719756 0.856976 0.697933 0.808643
0 0.617746 0.842138 0.639573 0.890478 0.617058 0.900643 0.595232 0.852303
0 0.592682 0.855891 0.614505 0.904224 0.591990 0.914390 0.570167 0.866057
0 0.580615 0.497683 0.627191 0.482189 0.634799 0.505059 0.588223 0.520553
0 0.531568 0.514035 0.578145 0.498541 0.585752 0.521410 0.539176 0.536904
0 0.481014 0.534044 0.525102 0.512445 0.535705 0.534089 0.491617 0.555687
0 0.446053 0.553021 0.492637 0.537524 0.500244 0.560394 0.453660 0.575890
0 0.935994 0.716738 0.957512 0.760856 0.933357 0.772637 0.911839 0.728519
0 0.801438 0.762220 0.823166 0.812431 0.802789 0.821249 0.781061 0.771038
0 0.997612 0.689128 1.019129 0.733247 0.994974 0.745028 0.973456 0.700910
0 0.886084 0.546778 0.940874 0.528975 0.949181 0.554543 0.894392 0.572345
0 0.875554 0.521106 0.930344 0.503303 0.938649 0.528863 0.883859 0.546665
0 0.867092 0.496059 0.921882 0.478257 0.930189 0.503824 0.875399 0.521626
0 0.856600 0.475323 0.911382 0.457524 0.919689 0.483091 0.864907 0.500890
