1 0.395335 0.385406 0.421136 0.377665 0.434400 0.421875 0.408598 0.429616
1 0.421733 0.375188 0.447535 0.367447 0.460798 0.411656 0.434997 0.419397
1 0.451538 0.365821 0.477347 0.358078 0.490610 0.402288 0.464802 0.410031
1 0.479218 0.354750 0.505019 0.347009 0.518282 0.391219 0.492481 0.398960
1 0.341011 0.567206 0.332506 0.541639 0.376310 0.527067 0.384815 0.552635
1 0.444486 0.533565 0.435983 0.508004 0.479780 0.493435 0.488282 0.518996
1 0.498991 0.521217 0.490486 0.495649 0.534282 0.481080 0.542788 0.506648
1 0.567115 0.499500 0.558612 0.473939 0.602416 0.459368 0.610919 0.484928
1 0.625030 0.487154 0.616525 0.461587 0.660321 0.447017 0.668827 0.472585
1 0.673142 0.474377 0.664639 0.448817 0.708436 0.434248 0.716939 0.459808
1 0.733178 0.453937 0.724675 0.428377 0.768479 0.413805 0.776982 0.439365
1 0.786835 0.439459 0.778330 0.413891 0.822126 0.399322 0.830631 0.424890
0 0.378947 0.528217 0.432723 0.511879 0.440522 0.537548 0.386746 0.553887
0 0.278478 0.558225 0.332254 0.541887 0.340053 0.567556 0.286277 0.583895
0 0.379324 0.443955 0.365632 0.389446 0.391645 0.382912 0.405336 0.437422
1 0.509446 0.348357 0.535255 0.340614 0.550499 0.391424 0.524690 0.399167
0 0.826143 0.396912 0.879919 0.380574 0.887716 0.406236 0.833940 0.422574
0 0.882573 0.378101 0.936357 0.361760 0.944153 0.387422 0.890370 0.403763
0 0.940002 0.361875 0.993785 0.345534 1.001584 0.371203 0.947801 0.387544
