1 -0.009770 0.473074 0.010596 0.440983 0.073340 0.480801 0.052974 0.512892
1 0.032152 0.458035 0.052518 0.425944 0.115262 0.465762 0.094896 0.497853
1 0.070115 0.439499 0.090485 0.407401 0.153229 0.447220 0.132859 0.479318
1 0.106318 0.417421 0.126688 0.385323 0.189432 0.425142 0.169062 0.457239
1 0.147818 0.405061 0.168188 0.372964 0.230932 0.412782 0.210562 0.444880
1 0.183135 0.382985 0.203505 0.350887 0.266256 0.390710 0.245886 0.422808
1 0.236112 0.374157 0.256481 0.342059 0.319232 0.381882 0.298862 0.413980
1 0.271433 0.347667 0.291799 0.315576 0.354543 0.355395 0.334178 0.387486
1 0.298799 0.324712 0.319169 0.292614 0.381920 0.332437 0.361550 0.364534
1 0.350896 0.314999 0.371266 0.282901 0.434010 0.322720 0.413640 0.354818
1 0.393673 0.304903 0.416339 0.274384 0.475999 0.318691 0.453333 0.349210
1 0.435173 0.288130 0.457839 0.257610 0.517499 0.301917 0.494833 0.332437
1 0.474025 0.266052 0.496691 0.235532 0.556350 0.279839 0.533684 0.310359
1 0.512876 0.248395 0.535542 0.217876 0.595202 0.262183 0.572536 0.292702
1 0.561439 0.238684 0.584105 0.208165 0.643764 0.252472 0.621098 0.282991
1 0.587923 0.218372 0.610589 0.187852 0.670249 0.232159 0.647583 0.262679
1 0.626775 0.200716 0.649441 0.170196 0.709100 0.214503 0.686434 0.245023
1 0.671803 0.184819 0.694469 0.154299 0.754135 0.198611 0.731469 0.229130
1 0.702712 0.162747 0.725378 0.132228 0.798522 0.186549 0.775856 0.217069
1 0.756674 0.148631 0.782504 0.120738 0.837029 0.171229 0.811200 0.199122
1 0.794618 0.128259 0.822279 0.102192 0.873249 0.156280 0.845588 0.182347
1 0.840355 0.115594 0.870468 0.092404 0.915809 0.151281 0.885696 0.174471
1 0.877434 0.093526 0.907553 0.070331 0.952894 0.129208 0.922775 0.152403
1 -0.006497 0.625933 0.031396 0.622884 0.037356 0.696965 -0.000537 0.700014
1 0.029706 0.618871 0.067600 0.615822 0.073559 0.689895 0.035666 0.692944
1 0.063261 0.602097 0.101154 0.599048 0.107114 0.673122 0.069221 0.676170
1 0.104761 0.599449 0.142654 0.596400 0.148614 0.670473 0.110721 0.673522
1 0.145936 0.549881 0.189978 0.539633 0.212689 0.637228 0.168647 0.647477
1 0.192420 0.541227 0.221986 0.532917 0.243541 0.609601 0.213975 0.617911
1 0.231410 0.525734 0.261768 0.521089 0.273817 0.599828 0.243459 0.604474
1 0.263746 0.518897 0.294127 0.514411 0.305762 0.593205 0.275381 0.597691
1 0.295691 0.506304 0.326041 0.501660 0.338090 0.580399 0.307740 0.585044
1 0.349504 0.488366 0.379854 0.483722 0.391902 0.562454 0.361552 0.567098
1 0.324840 0.496585 0.355190 0.491941 0.367238 0.570681 0.336889 0.575325
1 0.382387 0.466687 0.412736 0.462042 0.424785 0.540782 0.394435 0.545426
1 0.415269 0.459961 0.445627 0.455315 0.457676 0.534055 0.427318 0.538700
1 0.487038 0.426449 0.517687 0.428270 0.512962 0.507786 0.482313 0.505965
1 0.518736 0.417244 0.549437 0.416440 0.551522 0.496061 0.520821 0.496865
1 0.553247 0.393188 0.583651 0.388915 0.594737 0.467796 0.564333 0.472069
1 0.584630 0.372259 0.615042 0.367985 0.626128 0.446866 0.595716 0.451140
1 0.621255 0.367782 0.651667 0.363508 0.662753 0.442389 0.632341 0.446664
1 0.654888 0.348344 0.685292 0.344071 0.696378 0.422952 0.665974 0.427225
1 0.692255 0.340126 0.722667 0.335852 0.733753 0.414733 0.703341 0.419007
1 0.725888 0.316212 0.756300 0.311938 0.767386 0.390819 0.736974 0.395093
1 0.764005 0.310228 0.794417 0.305954 0.805503 0.384835 0.775091 0.389109
1 0.796145 0.299766 0.826550 0.295493 0.837636 0.374374 0.807231 0.378647
1 0.830520 0.282579 0.860933 0.278305 0.872019 0.357186 0.841607 0.361460
1 0.877606 0.260900 0.908018 0.256626 0.919105 0.335507 0.888692 0.339781
1 0.909747 0.254173 0.940151 0.249900 0.951237 0.328781 0.920833 0.333054
1 0.941138 0.242219 0.971542 0.237946 0.982628 0.316827 0.952224 0.321100
1 0.961317 0.202610 0.991722 0.198337 1.002808 0.277218 0.972403 0.281491
1 -0.002497 0.702152 0.035396 0.699103 0.041356 0.773184 0.003463 0.776233
1 0.069253 0.684964 0.107146 0.681916 0.113106 0.755989 0.075213 0.759038
1 0.138761 0.660300 0.176654 0.657252 0.182614 0.731325 0.144721 0.734373
1 0.206776 0.616948 0.244662 0.613900 0.250622 0.687981 0.212737 0.691029
1 0.250870 0.603503 0.288764 0.600455 0.294723 0.674528 0.256830 0.677577
1 0.288237 0.595277 0.326130 0.592228 0.332091 0.666309 0.294198 0.669358
1 0.330839 0.585566 0.368732 0.582517 0.374692 0.656590 0.336799 0.659639
1 0.370448 0.572855 0.408341 0.569806 0.414302 0.643887 0.376409 0.646936
1 0.414542 0.560902 0.452435 0.557853 0.458395 0.631926 0.420502 0.634975
1 0.482558 0.513066 0.520451 0.510017 0.526411 0.584090 0.488518 0.587139
1 0.523667 0.504847 0.561553 0.501799 0.567512 0.575872 0.529627 0.578920
1 0.563276 0.483168 0.601170 0.480119 0.607130 0.554200 0.569237 0.557248
1 0.595409 0.457761 0.633303 0.454712 0.639262 0.528786 0.601369 0.531834
1 0.629792 0.453277 0.667685 0.450228 0.673645 0.524301 0.635752 0.527350
1 0.667159 0.433097 0.705053 0.430048 0.711012 0.504122 0.673119 0.507170
1 0.705277 0.421886 0.743170 0.418837 0.749130 0.492911 0.711236 0.495959
1 0.737417 0.403949 0.775310 0.400900 0.781270 0.474973 0.743377 0.478022
1 0.775534 0.389003 0.813428 0.385955 0.819387 0.460028 0.781494 0.463077
1 0.806925 0.372558 0.844810 0.369510 0.850770 0.443583 0.812885 0.446631
1 0.841300 0.359105 0.879193 0.356056 0.885153 0.430129 0.847260 0.433178
1 0.912308 0.332198 0.950193 0.329150 0.956153 0.403223 0.918268 0.406272
1 0.954159 0.320988 0.992053 0.317939 0.998012 0.392012 0.960119 0.395061
1 0.109560 0.848068 0.137498 0.822287 0.187894 0.876901 0.159955 0.902681
1 0.140207 0.826386 0.168139 0.800610 0.218535 0.855224 0.190603 0.880999
1 0.191777 0.812190 0.219710 0.786415 0.270106 0.841028 0.242173 0.866804
1 0.267263 0.784537 0.295201 0.758756 0.345597 0.813369 0.317658 0.839150
1 0.313599 0.768841 0.341537 0.743061 0.391933 0.797674 0.363994 0.823455
1 0.424958 0.715029 0.452896 0.689248 0.503292 0.743862 0.475354 0.769642
1 0.458588 0.698585 0.486526 0.672804 0.536927 0.727423 0.508989 0.753204
1 0.504927 0.688873 0.532865 0.663092 0.583261 0.717705 0.555323 0.743486
1 0.537067 0.661216 0.565006 0.635436 0.615401 0.690049 0.587463 0.715830
1 0.587885 0.652249 0.615823 0.626468 0.666224 0.681087 0.638286 0.706868
1 0.611809 0.635058 0.639741 0.609282 0.690137 0.663896 0.662204 0.689671
1 0.641700 0.611146 0.669638 0.585365 0.720034 0.639979 0.692096 0.665760
1 0.694017 0.598434 0.721949 0.572658 0.772350 0.627277 0.744418 0.653053
1 0.722419 0.581248 0.750357 0.555467 0.800753 0.610080 0.772815 0.635861
1 0.765769 0.563308 0.793702 0.537532 0.844098 0.592146 0.816165 0.617921
1 0.804630 0.538646 0.832568 0.512865 0.882964 0.567479 0.855026 0.593260
1 0.851713 0.531171 0.879651 0.505390 0.930052 0.560009 0.902114 0.585790
1 0.895810 0.505013 0.923748 0.479233 0.974144 0.533846 0.946205 0.559627
0 0.105476 0.676602 0.142588 0.672242 0.151657 0.749445 0.114545 0.753805
0 0.032961 0.694523 0.070073 0.690164 0.079141 0.767359 0.042029 0.771719
0 0.176461 0.654914 0.213573 0.650554 0.222641 0.727750 0.185529 0.732110
0 0.451500 0.540562 0.488612 0.536203 0.497680 0.613399 0.460568 0.617758
0 0.873773 0.337273 0.910885 0.332914 0.919953 0.410109 0.882841 0.414469
0 0.926793 0.478371 0.955037 0.453905 1.005933 0.512661 0.977689 0.537126
0 0.952039 0.443309 0.978828 0.417257 1.033016 0.472980 1.006227 0.499032
0 0.067961 0.872097 0.094886 0.846186 0.148781 0.902192 0.121856 0.928103
0 0.028400 0.907409 0.052219 0.878617 0.112108 0.928162 0.088289 0.956954
0 0.011212 0.900682 0.035031 0.871890 0.094920 0.921435 0.071102 0.950227
0 0.342298 0.751206 0.366117 0.722414 0.426006 0.771958 0.402188 0.800750
0 0.376673 0.728877 0.400492 0.700086 0.460381 0.749630 0.436563 0.778422
