1 0.396098 0.775199 0.451586 0.744695 0.465535 0.770066 0.410047 0.800571
1 0.380338 0.747116 0.437456 0.715715 0.451404 0.741087 0.394287 0.772488
1 0.363731 0.716028 0.424648 0.682538 0.438597 0.707910 0.377680 0.741399
1 0.347544 0.687499 0.408269 0.654115 0.422221 0.679493 0.361496 0.712877
1 0.329968 0.652672 0.388797 0.620331 0.404571 0.649023 0.345742 0.681364
1 0.313879 0.622498 0.370216 0.591526 0.385098 0.618596 0.328761 0.649567
1 0.299841 0.585154 0.352823 0.556026 0.368495 0.584534 0.315513 0.613661
1 0.283250 0.556356 0.336239 0.527225 0.350187 0.552597 0.297198 0.581728
1 0.266648 0.527823 0.319630 0.498696 0.333579 0.524068 0.280596 0.553195
1 0.463984 0.739261 0.516966 0.710133 0.530915 0.735505 0.477932 0.764632
1 0.446179 0.709581 0.499162 0.680454 0.513110 0.705825 0.460128 0.734953
1 0.431664 0.673966 0.484653 0.644835 0.498602 0.670206 0.445612 0.699337
1 0.419796 0.641651 0.472779 0.612524 0.486727 0.637896 0.433745 0.667023
1 0.400664 0.611309 0.453653 0.582178 0.467602 0.607550 0.414612 0.636681
1 0.382203 0.580971 0.435185 0.551844 0.449133 0.577216 0.396151 0.606343
1 0.369008 0.547333 0.421997 0.518202 0.435945 0.543574 0.382956 0.572705
1 0.354500 0.518315 0.407482 0.489188 0.421430 0.514560 0.368448 0.543687
1 0.333122 0.474054 0.386111 0.444923 0.404034 0.477524 0.351045 0.506655
1 0.588719 0.663372 0.641708 0.634241 0.655656 0.659613 0.602667 0.688744
1 0.578781 0.633386 0.631763 0.604258 0.645711 0.629630 0.592729 0.658757
1 0.554302 0.596925 0.619786 0.560926 0.636549 0.591418 0.571066 0.627418
1 0.543203 0.566346 0.596185 0.537219 0.610133 0.562591 0.557151 0.591718
1 0.512556 0.495224 0.576698 0.459962 0.593608 0.490721 0.529466 0.525984
1 0.492735 0.465628 0.556870 0.430370 0.573780 0.461130 0.509646 0.496388
1 0.472556 0.431995 0.536690 0.396737 0.553601 0.427497 0.489466 0.462755
1 0.454618 0.397613 0.518753 0.362354 0.535663 0.393114 0.471528 0.428372
1 0.135480 0.601656 0.198437 0.567045 0.215348 0.597805 0.152391 0.632416
1 0.143705 0.637529 0.207846 0.602266 0.224756 0.633026 0.160615 0.668288
1 0.163132 0.667420 0.227274 0.632158 0.244188 0.662924 0.180046 0.698186
1 0.177337 0.698068 0.241479 0.662805 0.258389 0.693565 0.194248 0.728827
1 0.197517 0.731700 0.261659 0.696438 0.278569 0.727198 0.214427 0.762460
1 0.211720 0.767574 0.275854 0.732315 0.292765 0.763075 0.228630 0.798333
1 0.233388 0.795976 0.301459 0.758553 0.318370 0.789313 0.250298 0.826736
1 0.634242 0.461987 0.702297 0.488932 0.689375 0.521568 0.621320 0.494623
1 0.648445 0.428355 0.716493 0.455297 0.703571 0.487934 0.635523 0.460992
1 0.661148 0.392479 0.729203 0.419424 0.716282 0.452060 0.648226 0.425115
1 0.682077 0.362590 0.750126 0.389532 0.737204 0.422168 0.669156 0.395226
1 0.708234 0.330447 0.776289 0.357392 0.763368 0.390029 0.695312 0.363084
1 0.717952 0.296816 0.786001 0.323758 0.773079 0.356395 0.705031 0.329453
1 0.732148 0.254963 0.800203 0.281908 0.787282 0.314545 0.719226 0.287600
1 0.581628 0.318350 0.619545 0.380959 0.589520 0.399142 0.551603 0.336534
1 0.619001 0.295931 0.656914 0.358533 0.626890 0.376717 0.588976 0.314115
1 0.632448 0.116553 0.670365 0.179162 0.640341 0.197345 0.602424 0.134737
1 0.660855 0.095631 0.698772 0.158240 0.668747 0.176423 0.630830 0.113815
1 0.694485 0.072463 0.732399 0.135065 0.702374 0.153248 0.664461 0.090646
1 0.725876 0.052283 0.763789 0.114885 0.733765 0.133069 0.695851 0.070467
1 0.759509 0.036588 0.797422 0.099190 0.767397 0.117373 0.729484 0.054771
1 0.790151 0.020139 0.828069 0.082748 0.798044 0.100931 0.760127 0.038323
1 0.441120 0.237631 0.479037 0.300240 0.449013 0.318423 0.411096 0.255815
1 0.401511 0.251084 0.439428 0.313693 0.409403 0.331877 0.371486 0.269268
1 0.367881 0.269766 0.405798 0.332375 0.375767 0.350562 0.337850 0.287954
1 0.343965 0.289949 0.381878 0.352551 0.351847 0.370739 0.313934 0.308137
1 0.311823 0.303397 0.349740 0.366006 0.319716 0.384189 0.281799 0.321580
1 0.278190 0.323577 0.316108 0.386185 0.286083 0.404369 0.248166 0.341760
1 0.247550 0.345256 0.285467 0.407865 0.255442 0.426048 0.217525 0.363440
1 0.204608 0.368437 0.249772 0.426037 0.222150 0.447696 0.176986 0.390096
1 0.154293 0.403918 0.217999 0.439961 0.200714 0.470512 0.137009 0.434469
1 0.125625 0.451990 0.197809 0.464069 0.192015 0.498690 0.119832 0.486610
1 0.119347 0.494975 0.192421 0.490890 0.194840 0.534166 0.121767 0.538251
1 0.118216 0.549682 0.190277 0.536846 0.196433 0.571404 0.124372 0.584240
1 0.659037 0.740819 0.711621 0.827646 0.681596 0.845829 0.629012 0.759003
1 0.633959 0.772813 0.671877 0.835421 0.641845 0.853609 0.603928 0.791000
1 0.594183 0.788381 0.632100 0.850990 0.602075 0.869173 0.564158 0.806565
1 0.563917 0.804811 0.601834 0.867420 0.571810 0.885603 0.533892 0.822994
1 0.541433 0.829889 0.579350 0.892498 0.549325 0.910681 0.511408 0.848073
1 0.498190 0.843725 0.536108 0.906334 0.506083 0.924517 0.468166 0.861909
1 0.467925 0.858428 0.505842 0.921037 0.475817 0.939220 0.437900 0.876612
1 0.447175 0.876584 0.485092 0.939193 0.455067 0.957377 0.417150 0.894768
1 0.414314 0.890424 0.452227 0.953026 0.422202 0.971209 0.384289 0.908607
1 0.378276 0.909303 0.416194 0.971912 0.386169 0.990095 0.348252 0.927487
0 0.521851 0.535605 0.595483 0.493264 0.612899 0.523552 0.539267 0.565892
0 0.619592 0.502448 0.682227 0.526366 0.668752 0.561654 0.606117 0.537736
0 0.820302 0.429358 0.889858 0.462534 0.875213 0.493236 0.805658 0.460060
0 0.847266 0.383114 0.905750 0.411010 0.893047 0.437643 0.834562 0.409748
1 0.802519 0.462496 0.868693 0.493777 0.853692 0.525512 0.787518 0.494231
1 0.830179 0.405872 0.897150 0.435410 0.882985 0.467526 0.816014 0.437989
0 0.249998 0.830154 0.323637 0.787810 0.341057 0.818104 0.267418 0.860448
0 0.593397 0.137197 0.634239 0.198437 0.605166 0.217826 0.564324 0.156587
0 0.556278 0.155215 0.602044 0.226778 0.572605 0.245605 0.526838 0.174043
