1 0.255161 0.308299 0.315289 0.338541 0.300097 0.368748 0.239969 0.338506
1 0.201192 0.402893 0.261320 0.433134 0.246128 0.463341 0.186000 0.433100
1 0.190379 0.435321 0.250514 0.465565 0.235325 0.495765 0.175189 0.465521
1 0.283029 0.242297 0.343164 0.272542 0.327971 0.302749 0.267836 0.272505
1 0.301558 0.209104 0.361686 0.239345 0.346497 0.269545 0.286369 0.239304
1 0.323177 0.175126 0.383312 0.205370 0.368120 0.235578 0.307985 0.205333
1 0.368730 0.084024 0.428865 0.114268 0.413676 0.144469 0.353541 0.114224
1 0.388036 0.055455 0.448164 0.085697 0.432972 0.115904 0.372844 0.085663
1 0.467558 0.053143 0.527686 0.083384 0.512497 0.113584 0.452369 0.083343
1 0.434357 0.158141 0.494492 0.188386 0.479299 0.218593 0.419164 0.188348
1 0.396527 0.217596 0.456655 0.247837 0.441466 0.278037 0.381338 0.247796
1 0.380316 0.250025 0.440444 0.280267 0.425255 0.310467 0.365127 0.280226
1 0.344793 0.314875 0.404928 0.345120 0.389739 0.375320 0.329604 0.345075
1 0.306192 0.372010 0.366320 0.402251 0.351128 0.432459 0.291000 0.402217
1 0.276856 0.437635 0.336985 0.467876 0.321792 0.498084 0.261664 0.467842
1 0.244425 0.501721 0.304553 0.531962 0.289364 0.562162 0.229236 0.531921
1 0.227441 0.532604 0.287569 0.562845 0.272380 0.593045 0.212252 0.562804
1 0.206590 0.561946 0.266725 0.592190 0.251535 0.622390 0.191400 0.592146
1 0.123980 0.520252 0.184108 0.550493 0.168919 0.580693 0.108791 0.550452
1 0.094644 0.582791 0.154772 0.613032 0.139583 0.643232 0.079455 0.612991
1 0.078427 0.616758 0.138562 0.647003 0.123370 0.677210 0.063235 0.646966
1 0.062988 0.649963 0.123116 0.680204 0.107927 0.710404 0.047798 0.680163
1 0.180341 0.629110 0.240476 0.659355 0.225284 0.689562 0.165149 0.659317
1 0.518472 -0.006771 0.578600 0.023470 0.563411 0.053670 0.503283 0.023429
1 0.427355 -0.012131 0.487483 0.018110 0.472294 0.048311 0.412166 0.018069
1 0.714114 -0.029107 0.774242 0.001134 0.759050 0.031341 0.698922 0.001100
1 0.690879 0.004844 0.751014 0.035089 0.735825 0.065289 0.675689 0.035044
1 0.677480 0.036110 0.737615 0.066354 0.722426 0.096554 0.662291 0.066310
1 0.656043 0.065586 0.716178 0.095831 0.700989 0.126031 0.640854 0.095786
1 0.639964 0.096854 0.700092 0.127095 0.684903 0.157295 0.624775 0.127054
1 0.618527 0.129908 0.678655 0.160149 0.663466 0.190350 0.603338 0.160108
1 0.604230 0.163854 0.664358 0.194095 0.649169 0.224295 0.589041 0.194054
1 0.582792 0.192439 0.642920 0.222681 0.627731 0.252881 0.567603 0.222640
1 0.569388 0.226383 0.629523 0.256628 0.614331 0.286835 0.554196 0.256591
1 0.551528 0.263010 0.611656 0.293251 0.596464 0.323459 0.536336 0.293217
1 0.523833 0.322862 0.583961 0.353103 0.568769 0.383310 0.508640 0.353069
1 0.486310 0.384501 0.546445 0.414745 0.531252 0.444953 0.471117 0.414708
1 0.467552 0.422915 0.527687 0.453159 0.512495 0.483367 0.452360 0.453122
1 0.452363 0.458649 0.512498 0.488893 0.497309 0.519094 0.437174 0.488849
1 0.404128 0.546197 0.464256 0.576439 0.449067 0.606639 0.388939 0.576397
1 0.388043 0.581930 0.448178 0.612175 0.432989 0.642375 0.372854 0.612130
1 0.366605 0.608729 0.426733 0.638970 0.411544 0.669170 0.351416 0.638929
1 0.349636 0.637314 0.409764 0.667556 0.394575 0.697756 0.334447 0.667515
1 0.329091 0.702526 0.389219 0.732767 0.374026 0.762974 0.313898 0.732733
1 0.306755 0.739151 0.366883 0.769392 0.351690 0.799599 0.291562 0.769358
1 0.389832 0.735578 0.449967 0.765823 0.434778 0.796023 0.374643 0.765778
1 0.413060 0.676618 0.473195 0.706863 0.458002 0.737070 0.397867 0.706825
1 0.436284 0.641783 0.496412 0.672024 0.481223 0.702225 0.421095 0.671983
1 0.459511 0.606049 0.519639 0.636290 0.504450 0.666490 0.444322 0.636249
1 0.473808 0.572104 0.533936 0.602345 0.518747 0.632545 0.458619 0.602304
1 0.546160 0.458649 0.606295 0.488893 0.591106 0.519094 0.530971 0.488849
1 0.556888 0.418448 0.617016 0.448689 0.601823 0.478896 0.541695 0.448655
1 0.572068 0.381821 0.632203 0.412066 0.617010 0.442273 0.556875 0.412028
1 0.607800 0.326438 0.667936 0.356682 0.652746 0.386883 0.592611 0.356638
1 0.627456 0.297854 0.687584 0.328095 0.672395 0.358295 0.612267 0.328054
1 0.636386 0.263906 0.696521 0.294151 0.681332 0.324351 0.621197 0.294107
1 0.659613 0.228172 0.719748 0.258417 0.704559 0.288617 0.644424 0.258372
1 0.677480 0.196906 0.737615 0.227151 0.722426 0.257351 0.662291 0.227107
1 0.687310 0.164745 0.747438 0.194986 0.732245 0.225193 0.672117 0.194952
1 0.708746 0.129906 0.768881 0.160151 0.753692 0.190351 0.693557 0.160107
1 0.729294 0.097743 0.789429 0.127988 0.774237 0.158195 0.714102 0.127950
1 0.744480 0.070946 0.804615 0.101190 0.789426 0.131390 0.729291 0.101146
1 0.766816 0.036111 0.826944 0.066353 0.811755 0.096553 0.751627 0.066311
1 0.773964 0.008416 0.834092 0.038657 0.818903 0.068857 0.758775 0.038616
1 0.942800 0.054869 1.002928 0.085110 0.987739 0.115311 0.927611 0.085069
1 0.881162 0.149555 0.941297 0.179800 0.926104 0.210007 0.865969 0.179762
1 0.863293 0.180828 0.923428 0.211073 0.908239 0.241273 0.848104 0.211028
1 0.848105 0.214774 0.908240 0.245018 0.893051 0.275219 0.832916 0.244974
1 0.831136 0.244252 0.891264 0.274493 0.876075 0.304693 0.815947 0.274452
1 0.810591 0.283557 0.870719 0.313798 0.855526 0.344005 0.795398 0.313764
1 0.790042 0.316611 0.850170 0.346853 0.834981 0.377053 0.774853 0.346811
1 0.777536 0.346088 0.837664 0.376330 0.822472 0.406537 0.762344 0.376295
1 0.759668 0.380039 0.819803 0.410284 0.804614 0.440484 0.744479 0.410239
1 0.740909 0.411307 0.801037 0.441548 0.785848 0.471748 0.725720 0.441507
1 0.723042 0.447932 0.783170 0.478173 0.767981 0.508373 0.707853 0.478132
1 0.712325 0.474729 0.772453 0.504970 0.757261 0.535177 0.697133 0.504936
1 0.693558 0.506891 0.753693 0.537136 0.738504 0.567336 0.678369 0.537091
1 0.677480 0.536367 0.737615 0.566612 0.722426 0.596812 0.662291 0.566568
1 0.748950 0.573885 0.809078 0.604126 0.793886 0.634334 0.733758 0.604092
1 0.834706 0.411307 0.894834 0.441548 0.879645 0.471748 0.819517 0.441507
1 0.815050 0.442571 0.875186 0.472815 0.859996 0.503015 0.799861 0.472771
1 0.849003 0.380932 0.909131 0.411173 0.893942 0.441373 0.833814 0.411132
1 0.861511 0.351455 0.921639 0.381696 0.906450 0.411896 0.846322 0.381655
1 0.885630 0.320182 0.945758 0.350423 0.930565 0.380630 0.870437 0.350389
1 0.906175 0.288025 0.966303 0.318267 0.951114 0.348467 0.890986 0.318226
1 0.928504 0.255867 0.988639 0.286112 0.973450 0.316312 0.913314 0.286068
1 0.941909 0.221025 1.002037 0.251267 0.986848 0.281467 0.926720 0.251226
1 0.643537 0.596219 0.703672 0.626464 0.688479 0.656671 0.628344 0.626426
1 0.717683 0.631955 0.777811 0.662196 0.762622 0.692396 0.702494 0.662155
1 0.618527 0.665010 0.678655 0.695251 0.663466 0.725451 0.603338 0.695210
1 0.595300 0.699846 0.655428 0.730087 0.640239 0.760287 0.580111 0.730046
1 0.667368 0.732731 0.727497 0.762973 0.713139 0.791519 0.653011 0.761277
1 0.631707 0.790297 0.691842 0.820542 0.676653 0.850742 0.616518 0.820497
1 0.616863 0.821619 0.676991 0.851860 0.661802 0.882061 0.601673 0.851819
1 0.598997 0.856455 0.659125 0.886697 0.643933 0.916904 0.583805 0.886663
1 0.569511 0.921672 0.629646 0.951917 0.614457 0.982117 0.554322 0.951872
1 0.548074 0.959188 0.608209 0.989432 0.593020 1.019633 0.532885 0.989388
1 0.503409 0.846635 0.563537 0.876876 0.548348 0.907076 0.488220 0.876835
1 0.545394 0.794822 0.605522 0.825064 0.590333 0.855264 0.530205 0.825022
1 0.560581 0.754619 0.620709 0.784860 0.605520 0.815061 0.545392 0.784819
1 0.574871 0.728711 0.635006 0.758956 0.619817 0.789156 0.559682 0.758911
1 0.358691 0.795713 0.418819 0.825954 0.403630 0.856154 0.343502 0.825913
1 0.346185 0.830549 0.406313 0.860791 0.391120 0.890998 0.330992 0.860756
1 0.266675 0.795711 0.326811 0.825956 0.311621 0.856156 0.251486 0.825911
1 0.030840 0.712633 0.090975 0.742878 0.075785 0.773078 0.015650 0.742833
1 0.088909 0.780525 0.149037 0.810767 0.133848 0.840967 0.073720 0.810726
1 0.198784 0.919885 0.258912 0.950126 0.243723 0.980326 0.183595 0.950085
1 0.235410 0.860031 0.295545 0.890276 0.280356 0.920476 0.220221 0.890232
1 0.309560 0.884151 0.369688 0.914392 0.354495 0.944599 0.294367 0.914358
1 0.289013 0.926135 0.349141 0.956376 0.333948 0.986584 0.273820 0.956342
0 0.347583 0.117386 0.409793 0.144824 0.398191 0.171129 0.335981 0.143691
0 0.335567 0.144144 0.397777 0.171582 0.386175 0.197887 0.323965 0.170449
0 0.451505 0.087619 0.513722 0.115060 0.502120 0.141365 0.439903 0.113924
0 0.438465 0.119503 0.500676 0.146941 0.489074 0.173247 0.426864 0.145809
0 0.408028 0.189074 0.470238 0.216512 0.458636 0.242817 0.396426 0.215379
0 0.357303 0.283268 0.419521 0.310709 0.407915 0.337021 0.345698 0.309580
0 0.323973 0.342691 0.386183 0.370129 0.374581 0.396434 0.312371 0.368996
0 0.290637 0.403566 0.352847 0.431004 0.341245 0.457309 0.279035 0.429871
0 0.221075 0.376027 0.283285 0.403465 0.271683 0.429770 0.209473 0.402332
0 0.231216 0.336893 0.293433 0.364334 0.281831 0.390639 0.219614 0.363198
0 0.265997 0.276025 0.328214 0.303466 0.316612 0.329772 0.254395 0.302330
0 0.167450 0.467332 0.229660 0.494770 0.218058 0.521075 0.155848 0.493637
0 0.148606 0.497768 0.210824 0.525209 0.199222 0.551514 0.137004 0.524073
0 0.108028 0.558636 0.170238 0.586074 0.158636 0.612379 0.096426 0.584941
0 0.190637 0.597769 0.252847 0.625207 0.241245 0.651512 0.179035 0.624074
0 0.261653 0.473128 0.323863 0.500566 0.312261 0.526872 0.250051 0.499434
0 0.487739 0.028199 0.549949 0.055637 0.538347 0.081942 0.476137 0.054504
0 0.400778 0.025299 0.462996 0.052740 0.451394 0.079045 0.389176 0.051604
0 0.150059 0.661535 0.212269 0.688973 0.200667 0.715278 0.138457 0.687840
0 0.134114 0.691971 0.196331 0.719412 0.184730 0.745717 0.122512 0.718276
0 0.123973 0.719503 0.186183 0.746941 0.174581 0.773247 0.112371 0.745809
0 0.048608 0.686166 0.110825 0.713607 0.099220 0.739920 0.037003 0.712479
0 0.108028 0.751386 0.170238 0.778824 0.158636 0.805129 0.096426 0.777691
0 0.016723 0.741246 0.078933 0.768684 0.067331 0.794989 0.005121 0.767551
0 0.003678 0.771674 0.065896 0.799115 0.054290 0.825427 -0.007927 0.797986
0 0.068895 0.815158 0.131113 0.842599 0.119511 0.868904 0.057294 0.841463
0 0.332669 0.673128 0.394879 0.700566 0.383277 0.726872 0.321067 0.699434
0 0.250059 0.829652 0.312269 0.857090 0.300667 0.883395 0.238457 0.855957
0 0.287739 0.770230 0.349949 0.797668 0.338347 0.823973 0.276137 0.796535
0 0.499333 0.361535 0.561543 0.388973 0.549941 0.415278 0.487731 0.387840
0 0.531216 0.300666 0.593433 0.328107 0.581831 0.354412 0.519614 0.326971
0 0.587739 0.348488 0.649949 0.375926 0.638347 0.402231 0.576137 0.374793
0 0.523973 0.499214 0.586183 0.526652 0.574581 0.552957 0.512371 0.525520
0 0.794981 0.484721 0.857199 0.512162 0.845597 0.538467 0.783379 0.511026
0 0.783388 0.515158 0.845605 0.542599 0.834003 0.568904 0.771786 0.541463
0 0.760200 0.545588 0.822417 0.573029 0.810815 0.599334 0.748598 0.571893
0 0.699333 0.670230 0.761543 0.697668 0.749941 0.723973 0.687731 0.696535
0 0.621075 0.628949 0.683285 0.656387 0.671683 0.682692 0.609473 0.655254
0 0.689185 0.705010 0.751402 0.732451 0.739800 0.758756 0.677583 0.731315
0 0.651506 0.760080 0.713724 0.787521 0.702119 0.813834 0.639901 0.786393
0 0.526872 0.828199 0.589082 0.855637 0.577480 0.881942 0.515270 0.854504
0 0.405130 0.707910 0.467340 0.735348 0.455738 0.761653 0.393528 0.734215
0 0.376147 0.768777 0.438357 0.796215 0.426752 0.822527 0.364542 0.795089
0 0.909475 0.094866 0.971692 0.122307 0.955150 0.159813 0.892933 0.132372
0 0.967449 0.129651 1.029659 0.157089 1.014731 0.190935 0.952521 0.163497
0 0.954403 0.178924 1.016621 0.206365 1.005019 0.232670 0.942801 0.205229
1 0.929545 0.687466 0.900143 0.748018 0.871392 0.734057 0.900795 0.673506
1 0.882237 0.767544 0.862412 0.820568 0.832482 0.809378 0.852307 0.756354
1 0.826799 0.896724 0.806974 0.949748 0.777045 0.938558 0.796870 0.885533
0 0.859717 0.824794 0.830121 0.886016 0.804237 0.873503 0.833832 0.812281
0 0.054809 0.844847 0.117019 0.872285 0.105417 0.898590 0.043207 0.871152
0 0.038864 0.878182 0.101081 0.905623 0.089480 0.931928 0.027262 0.904487
0 0.018575 0.910064 0.080792 0.937505 0.069190 0.963811 0.006973 0.936370
0 0.002631 0.943393 0.064849 0.970834 0.053244 0.997146 -0.008974 0.969705
0 -0.003167 0.804268 0.059050 0.831709 0.047448 0.858014 -0.014769 0.830573
0 0.501184 0.546300 0.563394 0.573738 0.551792 0.600043 0.489582 0.572605
0 0.414231 0.518761 0.476441 0.546199 0.464839 0.572504 0.402629 0.545066
