1 0.415526 0.884598 0.450211 0.892415 0.434372 0.962699 0.399687 0.954882
1 0.435175 0.811129 0.469860 0.818946 0.454020 0.889230 0.419336 0.881414
1 0.455761 0.727856 0.490446 0.735672 0.474606 0.805957 0.439922 0.798140
1 0.473542 0.653942 0.508227 0.661758 0.492388 0.732043 0.457703 0.724226
1 0.493190 0.565989 0.527875 0.573805 0.512036 0.644089 0.477351 0.636273
1 0.892714 0.757801 0.927399 0.765618 0.911560 0.835902 0.876875 0.828085
0 0.858808 0.749927 0.890198 0.757289 0.873747 0.827433 0.842356 0.820070
0 0.822621 0.744060 0.854011 0.751422 0.837559 0.821565 0.806169 0.814203
0 0.790808 0.738450 0.822198 0.745813 0.805747 0.815956 0.774356 0.808594
0 0.205004 0.464489 0.197712 0.500014 0.127137 0.485527 0.134429 0.450002
1 0.122659 0.490145 0.193226 0.509317 0.183560 0.544895 0.112993 0.525722
0 0.535385 0.335361 0.570889 0.342714 0.556279 0.413264 0.520775 0.405911
0 0.552166 0.262642 0.587671 0.269995 0.573060 0.340545 0.537556 0.333192
0 0.568947 0.186431 0.604451 0.193784 0.589842 0.264326 0.554338 0.256974
0 0.581893 0.111299 0.617397 0.118651 0.602787 0.189201 0.567283 0.181849
0 0.597838 0.037353 0.633350 0.044707 0.618740 0.115257 0.583228 0.107903
0 0.933544 0.889838 0.928278 0.921648 0.857198 0.909880 0.862464 0.878071
0 0.942247 0.855041 0.936981 0.886851 0.865902 0.875084 0.871167 0.843274
0 0.917591 0.957978 0.912324 0.989795 0.841252 0.978029 0.846520 0.946213
1 0.927872 0.925431 0.922494 0.960576 0.851276 0.949679 0.856654 0.914533
