1 0.710248 0.310346 0.747364 0.304135 0.759729 0.378021 0.722612 0.384233
1 0.760060 0.299791 0.797169 0.293581 0.809534 0.367467 0.772425 0.373677
1 0.480420 0.571736 0.517529 0.565526 0.529893 0.639413 0.492784 0.645623
1 0.409443 0.585416 0.446552 0.579206 0.458916 0.653092 0.421807 0.659302
1 0.550545 0.569173 0.587654 0.562963 0.600017 0.636842 0.562908 0.643052
1 0.593303 0.567462 0.630412 0.561252 0.642775 0.635131 0.605666 0.641341
1 0.630927 0.566603 0.668036 0.560393 0.680401 0.634280 0.643292 0.640490
1 0.703615 0.552065 0.740732 0.545853 0.753096 0.619740 0.715979 0.625951
1 0.746373 0.550354 0.783489 0.544142 0.795854 0.618029 0.758737 0.624240
1 0.370162 0.750009 0.407271 0.743799 0.419635 0.817686 0.382526 0.823896
1 0.413029 0.745580 0.450138 0.739370 0.462502 0.813256 0.425393 0.819466
1 0.458849 0.738190 0.495966 0.731978 0.508330 0.805865 0.471214 0.812076
1 0.594107 0.724142 0.631216 0.717932 0.643580 0.791819 0.606471 0.798029
0 0.473490 0.496205 0.508117 0.492260 0.516300 0.564076 0.481672 0.568022
0 0.372013 0.594705 0.406640 0.590760 0.414823 0.662576 0.380195 0.666522
0 0.335802 0.599877 0.370430 0.595932 0.378612 0.667748 0.343985 0.671693
0 0.295888 0.605791 0.330515 0.601846 0.338698 0.673662 0.304070 0.677608
0 0.433357 0.503791 0.467984 0.499846 0.476167 0.571662 0.441539 0.575608
0 0.395661 0.511924 0.430297 0.507978 0.438479 0.579795 0.403844 0.583741
0 0.359450 0.518572 0.394078 0.514627 0.402260 0.586443 0.367633 0.590389
0 0.323974 0.523752 0.358601 0.519807 0.366784 0.591623 0.332156 0.595568
0 0.285536 0.529658 0.320163 0.525713 0.328347 0.597537 0.293719 0.601482
0 0.547919 0.491228 0.582547 0.487283 0.590729 0.559100 0.556102 0.563045
0 0.583396 0.485314 0.618023 0.481369 0.626206 0.553186 0.591578 0.557131
0 0.656568 0.476447 0.691195 0.472502 0.699378 0.544318 0.664750 0.548264
0 0.695005 0.470533 0.729633 0.466588 0.737815 0.538404 0.703188 0.542350
0 0.446661 0.358189 0.481289 0.354244 0.489471 0.426061 0.454844 0.430006
0 0.485099 0.356713 0.519726 0.352767 0.527909 0.424584 0.493281 0.428529
0 0.524271 0.348580 0.558898 0.344635 0.567081 0.416451 0.532453 0.420397
0 0.565661 0.347103 0.600289 0.343158 0.608471 0.414975 0.573844 0.418920
0 0.600396 0.334541 0.635023 0.330596 0.643206 0.402412 0.608578 0.406358
0 0.636615 0.330103 0.671242 0.326158 0.679425 0.397975 0.644797 0.401920
0 0.673568 0.324932 0.708195 0.320986 0.716378 0.392803 0.681750 0.396748
0 0.514895 0.573432 0.549523 0.569486 0.557706 0.641311 0.523079 0.645256
0 0.677161 0.557604 0.711797 0.553658 0.719979 0.625474 0.685344 0.629420
1 0.615451 0.477557 0.652568 0.471346 0.664932 0.545232 0.627815 0.551443
1 0.511560 0.494377 0.548677 0.488166 0.561041 0.562053 0.523925 0.568264
1 0.730232 0.466673 0.767341 0.460463 0.779705 0.534350 0.742596 0.540560
0 0.448599 0.582338 0.483226 0.578392 0.491409 0.650209 0.456781 0.654154
0 0.503021 0.729767 0.537648 0.725822 0.545831 0.797639 0.511203 0.801584
0 0.544575 0.725807 0.579203 0.721861 0.587386 0.793686 0.552758 0.797631
0 0.328880 0.749557 0.363508 0.745611 0.371690 0.817428 0.337063 0.821373
0 0.288310 0.755494 0.322937 0.751549 0.331120 0.823365 0.296492 0.827311
0 0.634615 0.718885 0.669250 0.714939 0.677432 0.786756 0.642797 0.790702
0 0.670239 0.708986 0.704867 0.705041 0.713050 0.776865 0.678422 0.780811
0 0.405068 0.360705 0.439695 0.356760 0.447878 0.428576 0.413250 0.432522
