1 0.446242 0.449008 0.484828 0.449008 0.484828 0.529156 0.446242 0.529156
1 0.483367 0.447578 0.521953 0.447578 0.521953 0.527719 0.483367 0.527719
1 0.519977 0.450539 0.558563 0.450539 0.558563 0.530687 0.519977 0.530687
1 0.556586 0.446586 0.595172 0.446586 0.595172 0.526734 0.556586 0.526734
1 0.595172 0.455492 0.633758 0.455492 0.633758 0.535633 0.595172 0.535633
1 0.598141 0.532664 0.636727 0.532664 0.636727 0.612812 0.598141 0.612812
1 0.558563 0.540586 0.597148 0.540586 0.597148 0.620727 0.558563 0.620727
1 0.518984 0.537617 0.557570 0.537617 0.557570 0.617758 0.518984 0.617758
1 0.448734 0.540586 0.487320 0.540586 0.487320 0.620727 0.448734 0.620727
1 0.414102 0.540586 0.452688 0.540586 0.452688 0.620727 0.414102 0.620727
1 0.378484 0.536625 0.417070 0.536625 0.417070 0.616773 0.378484 0.616773
1 0.332969 0.533656 0.371555 0.533656 0.371555 0.613805 0.332969 0.613805
1 0.199391 0.434711 0.237984 0.434711 0.237984 0.514859 0.199391 0.514859
1 0.199391 0.568289 0.237984 0.568289 0.237984 0.648430 0.199391 0.648430
1 0.186531 0.767164 0.225117 0.767164 0.225117 0.847312 0.186531 0.847312
1 0.343852 0.802789 0.382437 0.802789 0.382437 0.882930 0.343852 0.882930
1 0.388375 0.801797 0.426969 0.801797 0.426969 0.881945 0.388375 0.881945
1 0.468523 0.797836 0.507109 0.797836 0.507109 0.877984 0.468523 0.877984
1 0.517008 0.799820 0.555594 0.799820 0.555594 0.879961 0.517008 0.879961
1 0.610016 0.801797 0.648602 0.801797 0.648602 0.881945 0.610016 0.881945
1 0.729281 0.567417 0.766662 0.557819 0.786594 0.635450 0.749213 0.645048
1 0.757511 0.663168 0.795267 0.655211 0.811794 0.733637 0.774037 0.741594
1 0.794586 0.893940 0.831960 0.884344 0.851890 0.961967 0.814517 0.971563
1 0.780734 0.782127 0.818108 0.772531 0.838040 0.850162 0.800666 0.859758
1 0.754297 0.971012 0.778370 0.940856 0.833320 0.984723 0.809247 1.014878
1 0.706625 0.978660 0.730698 0.948505 0.785649 0.992371 0.761576 1.022527
1 0.652820 0.976371 0.676893 0.946215 0.731844 0.990082 0.707771 1.020238
1 0.603594 0.982090 0.627667 0.951934 0.682617 0.995801 0.658544 1.025956
1 0.538336 0.970645 0.562409 0.940489 0.617359 0.984355 0.593286 1.014511
1 0.487962 0.968359 0.512040 0.938197 0.566991 0.982063 0.542913 1.012225
1 0.438734 0.977512 0.462807 0.947356 0.517758 0.991223 0.493685 1.021378
0 0.372149 0.977848 0.401649 0.945879 0.461929 1.001504 0.432429 1.033473
0 0.306279 0.978263 0.335779 0.946294 0.396065 1.001925 0.366565 1.033893
0 0.249040 0.988566 0.278540 0.956598 0.338820 1.012223 0.309320 1.044191
0 0.705627 0.480709 0.746886 0.466904 0.772912 0.544689 0.731653 0.558494
0 0.677008 0.400568 0.718260 0.386765 0.744289 0.464557 0.703037 0.478360
0 0.412212 0.444901 0.446609 0.446222 0.443460 0.528185 0.409063 0.526864
0 0.376759 0.436713 0.411163 0.438035 0.408015 0.519998 0.373610 0.518676
0 0.336696 0.436713 0.371093 0.438035 0.367944 0.519998 0.333548 0.518676
0 0.484376 0.538604 0.518773 0.539925 0.515624 0.621888 0.481227 0.620567
1 0.202461 0.254422 0.241055 0.254422 0.241055 0.334570 0.202461 0.334570
1 0.202461 0.327219 0.241055 0.327219 0.241055 0.407367 0.202461 0.407367
