1 0.774659 0.898321 0.808607 0.901291 0.801372 0.983991 0.767424 0.981021
1 0.767800 0.452173 0.801748 0.455143 0.794513 0.537843 0.760564 0.534873
1 0.835487 0.739540 0.869443 0.742511 0.862208 0.825210 0.828252 0.822239
1 0.742253 0.637368 0.776201 0.640338 0.768966 0.723038 0.735018 0.720068
1 0.582612 0.947720 0.616561 0.950690 0.609325 1.033390 0.575377 1.030419
1 0.544292 0.948993 0.578248 0.951964 0.571013 1.034663 0.537057 1.031693
1 0.555792 0.859595 0.589740 0.862565 0.582505 0.945265 0.548557 0.942294
1 0.475331 0.577337 0.509279 0.580307 0.502044 0.663007 0.468096 0.660037
1 0.909565 0.487939 0.943514 0.490909 0.936278 0.573608 0.902330 0.570638
0 0.514760 0.582417 0.549334 0.585503 0.542372 0.663505 0.507799 0.660419
0 0.504253 0.937237 0.538826 0.940323 0.531865 1.018325 0.497291 1.015240
0 0.467221 0.930855 0.501787 0.933940 0.494826 1.011942 0.460260 1.008857
0 0.430182 0.924464 0.464748 0.927549 0.457786 1.005552 0.423221 1.002467
0 0.390589 0.919354 0.425162 0.922440 0.418201 1.000442 0.383627 0.997357
0 0.348440 0.919354 0.383014 0.922440 0.376052 1.000442 0.341479 0.997357
0 0.312683 0.911690 0.347256 0.914776 0.340294 0.992786 0.305720 0.989701
0 0.274362 0.915526 0.308935 0.918612 0.301974 0.996614 0.267400 0.993529
0 0.232221 0.912972 0.266787 0.916057 0.259826 0.994059 0.225260 0.990974
0 0.193901 0.909136 0.228475 0.912221 0.221513 0.990232 0.186939 0.987146
0 0.159417 0.902753 0.193990 0.905838 0.187029 0.983841 0.152455 0.980755
0 0.082792 0.883597 0.117365 0.886682 0.110404 0.964685 0.075830 0.961599
0 0.044471 0.884870 0.079045 0.887956 0.072083 0.965958 0.037510 0.962872
0 0.008714 0.886151 0.043287 0.889237 0.036326 0.967239 0.001752 0.964154
0 0.856753 0.911690 0.891326 0.914776 0.884364 0.992786 0.849791 0.989701
0 0.815886 0.906581 0.850459 0.909667 0.843497 0.987677 0.808924 0.984591
0 0.734143 0.897643 0.768717 0.900729 0.761755 0.978732 0.727182 0.975646
0 0.690722 0.896362 0.725295 0.899448 0.718333 0.977458 0.683759 0.974372
0 0.656237 0.889979 0.690810 0.893065 0.683849 0.971067 0.649275 0.967982
0 0.617924 0.883597 0.652498 0.886682 0.645536 0.964685 0.610963 0.961599
0 0.593659 0.865714 0.628232 0.868799 0.621271 0.946802 0.586697 0.943716
0 0.520862 0.852941 0.555428 0.856026 0.548466 0.934036 0.513900 0.930951
0 0.477433 0.847831 0.512006 0.850917 0.505044 0.928927 0.470470 0.925841
0 0.439120 0.842722 0.473694 0.845807 0.466731 0.923817 0.432158 0.920732
0 0.399526 0.837620 0.434100 0.840706 0.427138 0.918708 0.392565 0.915622
0 0.357378 0.831229 0.391951 0.834315 0.384990 0.912317 0.350416 0.909232
0 0.320346 0.827402 0.354912 0.830487 0.347951 0.908489 0.313385 0.905404
0 0.282026 0.822292 0.316600 0.825378 0.309638 0.903380 0.275065 0.900294
0 0.243714 0.818456 0.278287 0.821542 0.271325 0.899552 0.236752 0.896466
0 0.206675 0.815901 0.241248 0.818987 0.234286 0.896997 0.199713 0.893912
0 0.170917 0.813354 0.205490 0.816440 0.198529 0.894442 0.163955 0.891357
0 0.132596 0.806964 0.167170 0.810049 0.160208 0.888052 0.125635 0.884966
0 0.093010 0.800581 0.127576 0.803666 0.120615 0.881669 0.086049 0.878584
0 0.057245 0.791636 0.091819 0.794721 0.084856 0.872732 0.050283 0.869646
0 0.016378 0.789081 0.050951 0.792167 0.043989 0.870177 0.009416 0.867091
0 0.804394 0.737995 0.838959 0.741080 0.831997 0.819091 0.797431 0.816006
0 0.763518 0.732893 0.798092 0.735979 0.791130 0.813982 0.756557 0.810896
0 0.729034 0.729058 0.763607 0.732143 0.756646 0.810146 0.722072 0.807060
0 0.690721 0.727784 0.725295 0.730870 0.718333 0.808872 0.683760 0.805787
0 0.649854 0.720120 0.684428 0.723206 0.677466 0.801208 0.642893 0.798122
0 0.606432 0.715011 0.640998 0.718096 0.634036 0.796098 0.599471 0.793013
0 0.575776 0.709901 0.610350 0.712987 0.603388 0.790989 0.568815 0.787904
0 0.529799 0.702237 0.564373 0.705323 0.557411 0.783325 0.522838 0.780240
0 0.492760 0.695854 0.527334 0.698940 0.520372 0.776942 0.485799 0.773857
0 0.459557 0.694573 0.494123 0.697658 0.487161 0.775661 0.452596 0.772576
0 0.426346 0.692018 0.460920 0.695104 0.453958 0.773107 0.419385 0.770021
0 0.388034 0.677972 0.422607 0.681057 0.415646 0.759060 0.381072 0.755974
0 0.347167 0.669034 0.381732 0.672119 0.374771 0.750122 0.340205 0.747037
0 0.307573 0.666479 0.342146 0.669565 0.335185 0.747567 0.300611 0.744482
0 0.279471 0.661370 0.314045 0.664456 0.307083 0.742458 0.272510 0.739372
0 0.237331 0.648597 0.271896 0.651682 0.264935 0.729684 0.230369 0.726599
0 0.199010 0.643487 0.233584 0.646573 0.226622 0.724575 0.192049 0.721490
0 0.160698 0.637104 0.195271 0.640190 0.188310 0.718192 0.153736 0.715107
0 0.121104 0.635823 0.155678 0.638909 0.148716 0.716911 0.114143 0.713826
0 0.087901 0.629441 0.122467 0.632526 0.115505 0.710528 0.080939 0.707443
0 0.052135 0.624331 0.086709 0.627417 0.079747 0.705419 0.045174 0.702333
0 0.012550 0.625605 0.047116 0.628690 0.040153 0.706700 0.005588 0.703615
0 0.704768 0.634550 0.739342 0.637635 0.732380 0.715638 0.697807 0.712552
0 0.665182 0.615394 0.699748 0.618479 0.692786 0.696481 0.658221 0.693396
0 0.778846 0.635823 0.813420 0.638909 0.806458 0.716911 0.771885 0.713826
0 0.818440 0.643487 0.853014 0.646573 0.846052 0.724575 0.811479 0.721490
0 0.858034 0.649870 0.892600 0.652955 0.885638 0.730966 0.851072 0.727881
0 0.803456 0.458300 0.838021 0.461385 0.831060 0.539387 0.796494 0.536303
0 0.841769 0.459573 0.876342 0.462659 0.869380 0.540669 0.834806 0.537583
0 0.877526 0.473628 0.912100 0.476713 0.905138 0.554716 0.870565 0.551630
0 0.920948 0.398268 0.955522 0.401354 0.948560 0.479364 0.913986 0.476279
0 0.843042 0.380393 0.877615 0.383479 0.870654 0.461482 0.836080 0.458396
0 0.806011 0.366339 0.840576 0.369424 0.833614 0.447434 0.799049 0.444349
0 0.770245 0.362511 0.804818 0.365596 0.797857 0.443599 0.763283 0.440513
0 0.731932 0.359956 0.766498 0.363041 0.759536 0.441044 0.724971 0.437959
0 0.692339 0.349737 0.726912 0.352823 0.719951 0.430825 0.685377 0.427740
0 0.662964 0.349737 0.697537 0.352823 0.690576 0.430825 0.656002 0.427740
0 0.623370 0.347183 0.657944 0.350268 0.650981 0.428278 0.616408 0.425193
0 0.583776 0.339518 0.618350 0.342604 0.611388 0.420614 0.576814 0.417529
0 0.544190 0.328027 0.578756 0.331112 0.571794 0.409114 0.537229 0.406029
0 0.507151 0.324198 0.541725 0.327284 0.534763 0.405286 0.500190 0.402201
0 0.473940 0.312698 0.508514 0.315784 0.501552 0.393794 0.466978 0.390708
0 0.440737 0.315253 0.475311 0.318338 0.468349 0.396349 0.433775 0.393263
0 0.402424 0.311425 0.436990 0.314510 0.430029 0.392512 0.395463 0.389428
0 0.360276 0.302487 0.394850 0.305573 0.387888 0.383575 0.353315 0.380490
0 0.324510 0.289714 0.359084 0.292799 0.352122 0.370802 0.317549 0.367716
0 0.286198 0.283323 0.320772 0.286409 0.313810 0.364419 0.279236 0.361333
0 0.247886 0.280768 0.282459 0.283854 0.275497 0.361864 0.240924 0.358779
0 0.204464 0.279495 0.239029 0.282580 0.232068 0.360583 0.197502 0.357498
0 0.171253 0.274386 0.205826 0.277471 0.198865 0.355474 0.164291 0.352388
0 0.139323 0.271831 0.173896 0.274917 0.166935 0.352919 0.132361 0.349833
0 0.102284 0.268003 0.136857 0.271088 0.129896 0.349091 0.095322 0.346005
0 0.060143 0.262894 0.094709 0.265979 0.087747 0.343981 0.053182 0.340896
0 0.724268 0.448081 0.758842 0.451167 0.751880 0.529169 0.717307 0.526083
0 0.682120 0.449362 0.716693 0.452448 0.709732 0.530450 0.675158 0.527365
0 0.643807 0.444253 0.678381 0.447338 0.671419 0.525341 0.636846 0.522255
0 0.610596 0.440417 0.645170 0.443503 0.638208 0.521505 0.603635 0.518419
0 0.572284 0.437862 0.606857 0.440948 0.599896 0.518950 0.565322 0.515865
0 0.532690 0.431479 0.567264 0.434565 0.560302 0.512567 0.525729 0.509482
0 0.499487 0.421261 0.534060 0.424346 0.527099 0.502349 0.492525 0.499263
0 0.457339 0.417425 0.491912 0.420510 0.484950 0.498521 0.450377 0.495435
0 0.422854 0.412323 0.457428 0.415409 0.450466 0.493411 0.415893 0.490326
0 0.381987 0.403378 0.416560 0.406463 0.409599 0.484466 0.375025 0.481380
0 0.339839 0.400823 0.374412 0.403909 0.367450 0.481919 0.332877 0.478833
0 0.300245 0.393159 0.334819 0.396245 0.327856 0.474255 0.293283 0.471169
0 0.275979 0.388058 0.310553 0.391143 0.303591 0.469146 0.269018 0.466060
0 0.236393 0.382948 0.270959 0.386033 0.263997 0.464036 0.229432 0.460951
0 0.195518 0.376558 0.230092 0.379643 0.223130 0.457646 0.188557 0.454560
0 0.154651 0.375284 0.189225 0.378370 0.182263 0.456372 0.147690 0.453287
0 0.115058 0.371448 0.149631 0.374534 0.142669 0.452544 0.108095 0.449458
0 0.080573 0.368893 0.115147 0.371979 0.108185 0.449989 0.073611 0.446904
0 0.046089 0.366339 0.080662 0.369424 0.073700 0.447435 0.039127 0.444349
0 0.024378 0.517050 0.058951 0.520135 0.051990 0.598138 0.017416 0.595052
0 0.065253 0.523433 0.099818 0.526518 0.092857 0.604520 0.058291 0.601435
0 0.095901 0.523433 0.130475 0.526518 0.123513 0.604521 0.088940 0.601435
0 0.139323 0.528542 0.173896 0.531628 0.166935 0.609630 0.132361 0.606544
0 0.173807 0.531097 0.208381 0.534182 0.201419 0.612185 0.166846 0.609099
0 0.214674 0.533651 0.249248 0.536737 0.242286 0.614739 0.207713 0.611654
0 0.249159 0.540034 0.283733 0.543120 0.276770 0.621130 0.242197 0.618044
0 0.290034 0.542589 0.324600 0.545674 0.317638 0.623684 0.283072 0.620599
0 0.329620 0.551534 0.364193 0.554620 0.357232 0.632622 0.322658 0.629537
0 0.374323 0.556643 0.408896 0.559729 0.401935 0.637732 0.367361 0.634646
0 0.421581 0.568136 0.456146 0.571221 0.449185 0.649223 0.414619 0.646138
1 0.619987 0.606712 0.653936 0.609682 0.646700 0.692382 0.612752 0.689412
1 0.559964 0.596493 0.593912 0.599463 0.586677 0.682163 0.552728 0.679193
0 0.085042 0.091089 0.119607 0.094174 0.112646 0.172177 0.078080 0.169092
0 0.127893 0.101433 0.162467 0.104518 0.155505 0.182521 0.120932 0.179435
0 0.164839 0.105862 0.199412 0.108948 0.192451 0.186950 0.157877 0.183865
0 0.203261 0.107339 0.237826 0.110424 0.230864 0.188434 0.196299 0.185349
0 0.244635 0.110300 0.279201 0.113385 0.272240 0.191387 0.237674 0.188303
0 0.277143 0.122120 0.311717 0.125206 0.304755 0.203208 0.270182 0.200122
0 0.317042 0.126550 0.351615 0.129635 0.344654 0.207638 0.310080 0.204552
0 0.349549 0.133940 0.384123 0.137026 0.377161 0.215028 0.342588 0.211943
0 0.387971 0.139854 0.422545 0.142940 0.415583 0.220942 0.381010 0.217857
0 0.430823 0.141331 0.465396 0.144417 0.458435 0.222419 0.423861 0.219333
0 0.466292 0.147237 0.500866 0.150323 0.493903 0.228333 0.459330 0.225247
0 0.500276 0.154628 0.534850 0.157713 0.527888 0.235716 0.493315 0.232630
0 0.535745 0.157581 0.570319 0.160667 0.563356 0.238677 0.528783 0.235591
0 0.578596 0.160542 0.613170 0.163628 0.606208 0.241630 0.571635 0.238544
0 0.615542 0.170886 0.650115 0.173971 0.643154 0.251974 0.608580 0.248888
0 0.649526 0.172362 0.684100 0.175448 0.677138 0.253450 0.642565 0.250365
0 0.732284 0.193050 0.766850 0.196135 0.759888 0.274137 0.725322 0.271053
0 0.764792 0.193050 0.799365 0.196135 0.792404 0.274138 0.757830 0.271052
0 0.803214 0.206347 0.837787 0.209432 0.830826 0.287435 0.796252 0.284349
0 0.831292 0.206347 0.865857 0.209432 0.858896 0.287434 0.824330 0.284349
0 0.872667 0.206347 0.907240 0.209432 0.900279 0.287435 0.865705 0.284349
0 0.776612 0.105862 0.811185 0.108948 0.804224 0.186950 0.769650 0.183865
0 0.735237 0.101433 0.769810 0.104518 0.762849 0.182521 0.728275 0.179435
0 0.856409 0.117683 0.890983 0.120768 0.884020 0.198778 0.849447 0.195693
0 0.905175 0.117683 0.939748 0.120768 0.932786 0.198778 0.898213 0.195693
0 0.624409 0.085175 0.658982 0.088260 0.652021 0.166263 0.617447 0.163177
0 0.583034 0.076308 0.617607 0.079393 0.610646 0.157396 0.576072 0.154310
0 0.528354 0.065964 0.562928 0.069049 0.555966 0.147052 0.521393 0.143966
0 0.488456 0.063011 0.523029 0.066096 0.516068 0.144099 0.481494 0.141013
0 0.395362 0.046753 0.429935 0.049838 0.422974 0.127841 0.388400 0.124755
0 0.361370 0.043800 0.395943 0.046885 0.388982 0.124888 0.354408 0.121802
0 0.325909 0.042323 0.360482 0.045409 0.353521 0.123411 0.318947 0.120326
0 0.284534 0.031980 0.319100 0.035065 0.312138 0.113067 0.277572 0.109982
0 0.241674 0.026065 0.276248 0.029151 0.269286 0.107153 0.234713 0.104068
0 0.201776 0.020159 0.236350 0.023245 0.229388 0.101247 0.194815 0.098162
0 0.166315 0.014245 0.200889 0.017331 0.193927 0.095333 0.159354 0.092247
0 0.132323 0.011292 0.166896 0.014378 0.159935 0.092380 0.125361 0.089294
0 0.093909 0.008331 0.128475 0.011416 0.121513 0.089426 0.086947 0.086342
1 0.959073 0.119001 0.993022 0.121971 0.985786 0.204671 0.951838 0.201701
