1 0.503622 0.406405 0.568539 0.440923 0.551683 0.472626 0.486765 0.438109
1 0.468482 0.473741 0.533399 0.508258 0.516542 0.539962 0.451625 0.505445
1 0.427419 0.541054 0.492336 0.575571 0.475479 0.607274 0.410562 0.572757
1 0.410247 0.574444 0.475164 0.608962 0.458308 0.640665 0.393390 0.606148
1 0.389262 0.610696 0.454173 0.645210 0.437316 0.676913 0.372405 0.642400
1 0.373044 0.650767 0.437954 0.685280 0.421097 0.716983 0.356187 0.682470
1 0.570521 0.272015 0.635438 0.306532 0.618581 0.338235 0.553664 0.303718
1 0.595325 0.194741 0.660243 0.229258 0.643386 0.260962 0.578468 0.226445
1 0.626810 0.134640 0.691727 0.169157 0.674870 0.200860 0.609953 0.166343
1 0.642075 0.097429 0.706993 0.131946 0.690136 0.163649 0.625218 0.129132
1 0.665927 0.067858 0.730844 0.102376 0.713987 0.134079 0.649070 0.099562
1 0.684052 0.031601 0.748969 0.066118 0.732112 0.097821 0.667195 0.063304
0 0.549856 0.308012 0.615906 0.342542 0.601504 0.370090 0.535454 0.335560
0 0.534400 0.339904 0.600443 0.374430 0.586045 0.401971 0.520002 0.367445
0 0.520504 0.371326 0.586547 0.405852 0.572145 0.433401 0.506102 0.398874
0 0.484246 0.441427 0.550289 0.475954 0.535887 0.503502 0.469844 0.468976
0 0.447986 0.509114 0.514029 0.543641 0.499631 0.571182 0.433588 0.536656
0 0.698612 -0.000473 0.764662 0.034057 0.750263 0.061598 0.684213 0.027068
0 0.578799 0.232607 0.644842 0.267133 0.630443 0.294675 0.564400 0.260148
0 0.609689 0.167083 0.675732 0.201610 0.661334 0.229151 0.595291 0.194625
