1 0.525228 0.461562 0.599251 0.477973 0.591515 0.512868 0.517492 0.496457
1 0.745102 0.312665 0.819118 0.329073 0.811382 0.363968 0.737366 0.347559
1 0.738603 0.354906 0.812626 0.371316 0.804890 0.406211 0.730867 0.389801
1 0.728860 0.397149 0.802876 0.413558 0.795140 0.448453 0.721124 0.432044
1 0.716946 0.469711 0.790962 0.486120 0.783226 0.521015 0.709210 0.504606
1 0.706118 0.508704 0.780134 0.525112 0.772398 0.560007 0.698382 0.543599
1 0.701782 0.543360 0.775798 0.559769 0.768062 0.594664 0.694046 0.578255
1 0.659544 0.571522 0.767410 0.595435 0.758534 0.635471 0.650668 0.611557
1 0.262063 0.283422 0.336079 0.299831 0.328343 0.334726 0.254327 0.318317
1 0.280470 0.198946 0.354485 0.215355 0.346749 0.250250 0.272734 0.233841
1 0.191657 0.591015 0.265680 0.607426 0.257944 0.642321 0.183921 0.625910
1 -0.016066 0.176643 0.030085 0.116497 0.058441 0.138255 0.012290 0.198402
1 0.013176 0.204799 0.059327 0.144653 0.087684 0.166412 0.041532 0.226558
1 0.079294 0.318995 0.142948 0.277816 0.162362 0.307825 0.098708 0.349005
1 0.058402 0.271240 0.125153 0.235298 0.142098 0.266768 0.075347 0.302710
1 0.095837 0.349820 0.171656 0.349555 0.171796 0.389633 0.095976 0.389898
1 0.076125 0.490031 0.133341 0.539769 0.107047 0.570016 0.049831 0.520278
1 0.047961 0.523599 0.105184 0.573341 0.078890 0.603589 0.021668 0.553846
1 0.015469 0.569091 0.072692 0.618834 0.046398 0.649081 -0.010824 0.599338
0 0.401279 0.430183 0.485317 0.451292 0.475026 0.492262 0.390988 0.471153
0 0.411036 0.386347 0.495074 0.407456 0.484785 0.448418 0.400747 0.427309
0 0.419701 0.340855 0.503739 0.361964 0.493448 0.402934 0.409410 0.381825
0 0.425121 0.292122 0.509152 0.313229 0.498863 0.354191 0.414833 0.333084
0 0.439200 0.239051 0.523230 0.260158 0.512941 0.301120 0.428911 0.280013
0 0.266989 0.235801 0.351027 0.256909 0.340738 0.297871 0.256700 0.276762
0 0.285404 0.150238 0.369442 0.171347 0.359151 0.212317 0.275113 0.191208
0 0.250747 0.319192 0.334778 0.340299 0.324487 0.381269 0.240457 0.360162
0 0.381794 0.545551 0.465832 0.566660 0.455542 0.607629 0.371504 0.586520
0 0.372052 0.589958 0.456082 0.611065 0.445792 0.652034 0.361761 0.630927
0 0.364465 0.633285 0.448503 0.654394 0.438214 0.695356 0.354176 0.674247
0 0.496598 0.576965 0.580636 0.598073 0.570347 0.639035 0.486309 0.617927
0 0.486857 0.622450 0.570887 0.643557 0.560596 0.684527 0.476566 0.663420
0 0.474943 0.666856 0.558973 0.687963 0.548682 0.728933 0.464652 0.707826
0 0.464106 0.715597 0.548144 0.736706 0.537855 0.777668 0.453817 0.756559
0 0.660146 0.623536 0.744176 0.644643 0.733885 0.685612 0.649855 0.664505
0 0.649310 0.669019 0.733348 0.690128 0.723057 0.731098 0.639019 0.709989
0 0.638482 0.716676 0.722520 0.737785 0.712229 0.778754 0.628191 0.757645
0 0.624404 0.764333 0.708434 0.785440 0.698143 0.826409 0.614113 0.805302
0 0.182512 0.626785 0.266550 0.647894 0.256261 0.688856 0.172223 0.667747
0 0.176012 0.671191 0.260050 0.692300 0.249761 0.733262 0.165723 0.712153
0 0.098037 0.393927 0.182067 0.415034 0.171776 0.456003 0.087746 0.434896
0 0.085037 0.450246 0.169075 0.471355 0.158784 0.512324 0.074746 0.491215
0 0.029893 0.240409 0.095182 0.183454 0.122951 0.215286 0.057662 0.272241
0 0.530176 0.415591 0.614206 0.436698 0.603918 0.477659 0.519887 0.456552
0 0.544254 0.371183 0.628292 0.392292 0.618003 0.433254 0.533965 0.412145
0 0.543169 0.343019 0.627207 0.364128 0.616917 0.405098 0.532879 0.383989
1 0.554485 0.304000 0.628501 0.320409 0.620765 0.355304 0.546749 0.338895
0 0.562668 0.256380 0.646699 0.277487 0.636410 0.318449 0.552379 0.297342
