1 0.497992 0.572296 0.562232 0.549295 0.573915 0.581923 0.509674 0.604924
1 0.718351 0.493257 0.782592 0.470256 0.794274 0.502883 0.730033 0.525885
1 0.800662 0.451015 0.864903 0.428014 0.876588 0.460649 0.812347 0.483650
1 0.820156 0.277726 0.884396 0.254724 0.896079 0.287352 0.831838 0.310354
1 0.679359 0.326468 0.743599 0.303467 0.755282 0.336094 0.691041 0.359096
1 0.499577 0.399029 0.563811 0.376030 0.575493 0.408658 0.511260 0.431657
1 0.435671 0.428273 0.499912 0.405271 0.511594 0.437899 0.447354 0.460901
1 0.356609 0.458601 0.420849 0.435599 0.432532 0.468227 0.368291 0.491229
1 0.215017 0.516539 0.304964 0.484333 0.316647 0.516961 0.226700 0.549167
1 0.134585 0.546326 0.198818 0.523327 0.210501 0.555955 0.146268 0.578954
1 0.050101 0.576656 0.114342 0.553654 0.126024 0.586282 0.061783 0.609283
1 -0.033290 0.605898 0.030951 0.582896 0.042633 0.615524 -0.021607 0.638526
0 0.566608 0.545313 0.636484 0.521798 0.647181 0.553585 0.577305 0.577101
0 0.639091 0.519032 0.708967 0.495517 0.719667 0.527311 0.649791 0.550827
0 0.426974 0.597595 0.496850 0.574079 0.507550 0.605874 0.437674 0.629390
0 0.352638 0.621166 0.422521 0.597648 0.433221 0.629443 0.363338 0.652961
0 0.275888 0.647151 0.345771 0.623633 0.356471 0.655427 0.286588 0.678946
0 0.201560 0.674946 0.271435 0.651431 0.282136 0.683225 0.212260 0.706741
0 0.571404 0.370370 0.641287 0.346851 0.651987 0.378646 0.582104 0.402164
