1 0.429108 0.406768 0.459641 0.352135 0.488025 0.367998 0.457492 0.422631
1 0.261369 0.346964 0.235114 0.290143 0.264631 0.276504 0.290886 0.333326
1 0.654960 0.617826 0.694176 0.569050 0.719517 0.589424 0.680300 0.638200
0 0.265490 0.358033 0.290455 0.339961 0.322706 0.384513 0.297740 0.402586
0 0.298453 0.407876 0.323419 0.389804 0.355664 0.434350 0.330699 0.452422
0 0.337732 0.459244 0.362697 0.441172 0.394948 0.485724 0.369982 0.503797
0 0.422945 0.540830 0.447911 0.522757 0.480157 0.567303 0.455191 0.585375
0 0.485215 0.374426 0.506663 0.386462 0.476550 0.440121 0.455103 0.428085
0 0.509668 0.390082 0.531116 0.402118 0.501004 0.455777 0.479556 0.443742
0 0.535053 0.413645 0.556501 0.425681 0.526384 0.479347 0.504937 0.467311
0 0.563450 0.429363 0.584897 0.441399 0.554785 0.495059 0.533337 0.483023
0 0.583395 0.458371 0.604842 0.470407 0.574730 0.524066 0.553283 0.512031
0 0.612403 0.484355 0.633850 0.496391 0.603738 0.550051 0.582290 0.538015
0 0.635373 0.509131 0.656814 0.521163 0.626697 0.574830 0.605257 0.562798
0 0.660746 0.538746 0.682194 0.550782 0.652082 0.604441 0.630634 0.592406
1 0.421365 0.542212 0.379163 0.495995 0.403174 0.474069 0.445376 0.520286
