1 0.071302 0.348122 0.107387 0.344583 0.113815 0.410136 0.077730 0.413674
1 0.111208 0.340551 0.147293 0.337013 0.153721 0.402574 0.117637 0.406112
1 0.147395 0.339143 0.181897 0.327999 0.202144 0.390685 0.167642 0.401829
1 0.219911 0.292010 0.254414 0.280866 0.274659 0.343545 0.240156 0.354689
1 0.262816 0.286565 0.297319 0.275421 0.317566 0.338107 0.283064 0.349251
1 0.313088 0.274310 0.343848 0.270096 0.352787 0.335354 0.322027 0.339568
1 0.356333 0.268229 0.387200 0.271637 0.379972 0.337107 0.349105 0.333699
1 0.396224 0.277292 0.427083 0.280699 0.419854 0.346176 0.388995 0.342770
1 0.459511 0.314485 0.482297 0.335585 0.437544 0.383913 0.414758 0.362814
1 0.490561 0.341785 0.512055 0.364199 0.464509 0.409794 0.443015 0.387380
1 0.549025 0.426191 0.552486 0.457044 0.487022 0.464387 0.483561 0.433534
1 0.571884 0.506771 0.575345 0.537624 0.500929 0.545971 0.497468 0.515118
1 0.574031 0.557920 0.568213 0.588417 0.494657 0.574385 0.500474 0.543888
1 0.562131 0.605187 0.551717 0.634435 0.481165 0.609313 0.491580 0.580065
1 0.540356 0.640859 0.565663 0.658844 0.522285 0.719883 0.496978 0.701898
1 0.577825 0.660804 0.603132 0.678789 0.559754 0.739828 0.534446 0.721844
1 0.611518 0.669675 0.639399 0.683334 0.610373 0.742583 0.582492 0.728924
1 0.653717 0.687343 0.679024 0.705327 0.633596 0.769251 0.608289 0.751266
0 0.026078 0.350422 0.068992 0.350422 0.068992 0.424148 0.026078 0.424148
0 0.176142 0.324895 0.212997 0.302925 0.250748 0.366253 0.213894 0.388223
0 0.559388 0.460814 0.568254 0.499218 0.496417 0.515803 0.487551 0.477399
0 0.527606 0.368673 0.546299 0.401181 0.482379 0.437937 0.463685 0.405428
1 0.686238 0.718154 0.711545 0.736139 0.666121 0.800057 0.640814 0.782072
1 0.730647 0.743061 0.755954 0.761046 0.710525 0.824970 0.685218 0.806985
0 0.763330 0.761741 0.797360 0.781627 0.760163 0.845282 0.726133 0.825397
0 0.804486 0.784484 0.838516 0.804369 0.801319 0.868024 0.767289 0.848139
0 0.842494 0.801351 0.876524 0.821236 0.839327 0.884891 0.805297 0.865006
0 0.880673 0.826054 0.914703 0.845939 0.877506 0.909595 0.843476 0.889709
