1 0.247398 0.823328 0.332953 0.823328 0.332953 0.861914 0.247398 0.861914
1 0.249375 0.867156 0.334930 0.867156 0.334930 0.905742 0.249375 0.905742
1 0.248328 0.909469 0.333891 0.909469 0.333891 0.948047 0.248328 0.948047
1 0.249437 0.953781 0.334992 0.953781 0.334992 0.992367 0.249437 0.992367
1 0.245680 0.792133 0.331234 0.792133 0.331234 0.830719 0.245680 0.830719
1 0.246930 0.752031 0.332484 0.752031 0.332484 0.790617 0.246930 0.790617
1 0.248180 0.715688 0.333742 0.715688 0.333742 0.754273 0.248180 0.754273
1 0.249437 0.675586 0.334992 0.675586 0.334992 0.714172 0.249437 0.714172
1 0.250688 0.639250 0.336250 0.639250 0.336250 0.677836 0.250688 0.677836
1 0.250688 0.596641 0.336250 0.596641 0.336250 0.635227 0.250688 0.635227
1 0.249437 0.557797 0.334992 0.557797 0.334992 0.596383 0.249437 0.596383
1 0.245680 0.522703 0.331234 0.522703 0.331234 0.561289 0.245680 0.561289
1 0.244422 0.487617 0.329977 0.487617 0.329977 0.526203 0.244422 0.526203
1 0.240664 0.447516 0.326219 0.447516 0.326219 0.486102 0.240664 0.486102
1 0.245680 0.406164 0.331234 0.406164 0.331234 0.444750 0.245680 0.444750
1 0.243172 0.371078 0.328727 0.371078 0.328727 0.409664 0.243172 0.409664
1 0.244422 0.330977 0.329977 0.330977 0.329977 0.369563 0.244422 0.369563
1 0.249437 0.289625 0.334992 0.289625 0.334992 0.328211 0.249437 0.328211
1 0.254445 0.257039 0.340008 0.257039 0.340008 0.295625 0.254445 0.295625
1 0.253195 0.216945 0.338750 0.216945 0.338750 0.255523 0.253195 0.255523
1 0.249437 0.184359 0.334992 0.184359 0.334992 0.222945 0.249437 0.222945
1 0.253195 0.141703 0.338750 0.141703 0.338750 0.180289 0.253195 0.180289
1 0.428687 0.135961 0.514250 0.135961 0.514250 0.174547 0.428687 0.174547
1 0.418242 0.174086 0.503805 0.174086 0.503805 0.212672 0.418242 0.212672
1 0.417203 0.208562 0.502758 0.208562 0.502758 0.247148 0.417203 0.247148
1 0.414586 0.250867 0.500148 0.250867 0.500148 0.289453 0.414586 0.289453
1 0.414062 0.290563 0.499625 0.290563 0.499625 0.329148 0.414062 0.329148
1 0.417719 0.329734 0.503281 0.329734 0.503281 0.361016 0.417719 0.361016
1 0.417742 0.363773 0.503297 0.363773 0.503297 0.395055 0.417742 0.395055
1 0.414602 0.401898 0.500164 0.401898 0.500164 0.433180 0.414602 0.433180
1 0.415125 0.442117 0.500687 0.442117 0.500687 0.473398 0.415125 0.473398
1 0.414086 0.476594 0.499641 0.476594 0.499641 0.507867 0.414086 0.507867
1 0.415648 0.514719 0.501203 0.514719 0.501203 0.546000 0.415648 0.546000
1 0.417742 0.549711 0.503297 0.549711 0.503297 0.580992 0.417742 0.580992
1 0.415648 0.584711 0.501203 0.584711 0.501203 0.615992 0.415648 0.615992
1 0.414391 0.620391 0.499953 0.620391 0.499953 0.651672 0.414391 0.651672
1 0.419617 0.653297 0.505172 0.653297 0.505172 0.684578 0.419617 0.684578
1 0.419094 0.692992 0.504648 0.692992 0.504648 0.724266 0.419094 0.724266
1 0.414391 0.728508 0.499953 0.728508 0.499953 0.763984 0.414391 0.763984
1 0.416484 0.768711 0.502039 0.768711 0.502039 0.804195 0.416484 0.804195
1 0.418570 0.805797 0.504125 0.805797 0.504125 0.841273 0.418570 0.841273
1 0.417523 0.846016 0.503086 0.846016 0.503086 0.881492 0.417523 0.881492
1 0.421750 0.882172 0.507313 0.882172 0.507313 0.917648 0.421750 0.917648
1 0.421359 0.914555 0.506922 0.914555 0.506922 0.950031 0.421359 0.950031
1 0.422922 0.949273 0.508484 0.949273 0.508484 0.984750 0.422922 0.984750
1 0.422922 0.981273 0.508484 0.981273 0.508484 1.000000 0.422922 1.000000
1 0.496586 0.096820 0.582141 0.096820 0.582141 0.135406 0.496586 0.135406
1 0.500078 0.135977 0.585641 0.135977 0.585641 0.174563 0.500078 0.174563
1 0.502875 0.177930 0.588438 0.177930 0.588438 0.216516 0.502875 0.216516
1 0.505672 0.215687 0.591234 0.215687 0.591234 0.254273 0.505672 0.254273
1 0.502180 0.254148 0.587734 0.254148 0.587734 0.292734 0.502180 0.292734
1 0.502875 0.293305 0.588438 0.293305 0.588438 0.331891 0.502875 0.331891
1 0.502180 0.332461 0.587734 0.332461 0.587734 0.371047 0.502180 0.371047
1 0.504273 0.366023 0.589836 0.366023 0.589836 0.404609 0.504273 0.404609
1 0.502875 0.398188 0.588438 0.398188 0.588438 0.436773 0.502875 0.436773
1 0.500078 0.431055 0.585641 0.431055 0.585641 0.469633 0.500078 0.469633
1 0.504977 0.468109 0.590531 0.468109 0.590531 0.506695 0.504977 0.506695
1 0.499750 0.510617 0.585305 0.510617 0.585305 0.549203 0.499750 0.549203
1 0.505867 0.548508 0.591430 0.548508 0.591430 0.587094 0.505867 0.587094
1 0.504414 0.584648 0.589969 0.584648 0.589969 0.623234 0.504414 0.623234
1 0.503539 0.619914 0.589094 0.619914 0.589094 0.658492 0.503539 0.658492
1 0.509922 0.657391 0.595477 0.657391 0.595477 0.695977 0.509922 0.695977
1 0.497750 0.694836 0.583305 0.694836 0.583305 0.733414 0.497750 0.733414
1 0.500555 0.731336 0.586117 0.731336 0.586117 0.769922 0.500555 0.769922
1 0.498688 0.766914 0.584242 0.766914 0.584242 0.805492 0.498688 0.805492
1 0.506172 0.805289 0.591734 0.805289 0.591734 0.843875 0.506172 0.843875
1 0.502430 0.840859 0.587984 0.840859 0.587984 0.879445 0.502430 0.879445
1 0.500555 0.877367 0.586117 0.877367 0.586117 0.915953 0.500555 0.915953
1 0.504305 0.916680 0.589859 0.916680 0.589859 0.955266 0.504305 0.955266
1 0.503367 0.954125 0.588922 0.954125 0.588922 0.992711 0.503367 0.992711
1 0.672656 0.000000 0.758219 0.000000 0.758219 0.021719 0.672656 0.021719
1 0.674758 0.020891 0.760313 0.020891 0.760313 0.059477 0.674758 0.059477
1 0.675453 0.059352 0.761016 0.059352 0.761016 0.097930 0.675453 0.097930
1 0.674758 0.099906 0.760313 0.099906 0.760313 0.138484 0.674758 0.138484
1 0.675453 0.140461 0.761016 0.140461 0.761016 0.179039 0.675453 0.179039
1 0.674055 0.180313 0.759617 0.180313 0.759617 0.218898 0.674055 0.218898
1 0.670563 0.219469 0.756117 0.219469 0.756117 0.247578 0.670563 0.247578
1 0.666367 0.243242 0.751922 0.243242 0.751922 0.281828 0.666367 0.281828
1 0.667063 0.281703 0.752625 0.281703 0.752625 0.320289 0.667063 0.320289
1 0.666367 0.322953 0.751922 0.322953 0.751922 0.361539 0.666367 0.361539
1 0.673359 0.355820 0.758914 0.355820 0.758914 0.394406 0.673359 0.394406
1 0.676156 0.395672 0.761711 0.395672 0.761711 0.434258 0.676156 0.434258
1 0.676891 0.433484 0.762453 0.433484 0.762453 0.472070 0.676891 0.472070
1 0.675992 0.470953 0.761547 0.470953 0.761547 0.509539 0.675992 0.509539
1 0.676445 0.510680 0.762000 0.510680 0.762000 0.549266 0.676445 0.549266
1 0.674641 0.548148 0.760195 0.548148 0.760195 0.586734 0.674641 0.586734
1 0.673734 0.576133 0.759289 0.576133 0.759289 0.614719 0.673734 0.614719
1 0.677344 0.619016 0.762906 0.619016 0.762906 0.657602 0.677344 0.657602
1 0.678703 0.658742 0.764258 0.658742 0.764258 0.697328 0.678703 0.697328
1 0.671930 0.695758 0.757484 0.695758 0.757484 0.734344 0.671930 0.734344
1 0.675539 0.733227 0.761094 0.733227 0.761094 0.771813 0.675539 0.771813
1 0.674641 0.763930 0.760195 0.763930 0.760195 0.802508 0.674641 0.802508
1 0.675992 0.802297 0.761547 0.802297 0.761547 0.840883 0.675992 0.840883
1 0.678250 0.838414 0.763805 0.838414 0.763805 0.876992 0.678250 0.876992
1 0.676445 0.875430 0.762000 0.875430 0.762000 0.914016 0.676445 0.914016
1 0.679602 0.915602 0.765164 0.915602 0.765164 0.954187 0.679602 0.954187
1 0.679148 0.958937 0.764711 0.958937 0.764711 0.997523 0.679148 0.997523
1 0.236047 0.043367 0.321602 0.043367 0.321602 0.081953 0.236047 0.081953
0 0.248750 0.096492 0.340227 0.096492 0.340227 0.139102 0.248750 0.139102
0 0.409773 0.095234 0.501250 0.095234 0.501250 0.137844 0.409773 0.137844
