1 0.232847 0.457681 0.274249 0.464164 0.262184 0.541210 0.220782 0.534726
1 0.279026 0.463551 0.308811 0.468216 0.296748 0.545253 0.266962 0.540589
1 0.457725 0.522040 0.490652 0.527196 0.478588 0.604234 0.445661 0.599077
1 0.520542 0.551282 0.561951 0.557766 0.549888 0.634804 0.508478 0.628320
1 0.567111 0.557013 0.607926 0.566511 0.588796 0.648721 0.547980 0.639223
1 0.803665 0.857868 0.807833 0.892304 0.724038 0.902445 0.719870 0.868008
1 0.821970 0.924915 0.826137 0.959351 0.742342 0.969491 0.738175 0.935055
0 0.294430 0.550785 0.309805 0.467012 0.352414 0.474832 0.337039 0.558605
0 0.335102 0.566035 0.350477 0.482262 0.393086 0.490082 0.377710 0.573855
0 0.375168 0.579030 0.390543 0.495258 0.433160 0.503079 0.417785 0.586852
0 0.410911 0.590944 0.426286 0.507172 0.468902 0.514993 0.453527 0.598766
0 0.582039 0.671090 0.597415 0.587317 0.640023 0.595137 0.624648 0.678910
0 0.619946 0.691668 0.635321 0.607895 0.677929 0.615715 0.662554 0.699488
0 0.649188 0.706832 0.664563 0.623059 0.707172 0.630879 0.691796 0.714652
0 0.707542 0.825011 0.791726 0.812129 0.798279 0.854950 0.714094 0.867832
0 0.725952 0.898656 0.810143 0.885772 0.815564 0.921196 0.731372 0.934079
1 0.041577 0.646050 0.082987 0.639565 0.092290 0.698974 0.050880 0.705458
1 0.120944 0.629651 0.162346 0.623167 0.171649 0.682576 0.130248 0.689059
0 0.095136 0.700603 0.083261 0.629644 0.116857 0.624022 0.128731 0.694981
0 0.172261 0.686822 0.160386 0.615863 0.193982 0.610241 0.205856 0.681200
0 0.208000 0.685739 0.196124 0.614773 0.229719 0.609151 0.241595 0.680118
0 0.248073 0.679243 0.236199 0.608285 0.269794 0.602663 0.281668 0.673621
