1 0.599246 0.705728 0.661063 0.665737 0.683910 0.701053 0.622093 0.741044
1 0.570501 0.673391 0.632311 0.633404 0.655163 0.668727 0.593353 0.708714
1 0.546228 0.645885 0.608045 0.605894 0.630897 0.641217 0.569080 0.681208
1 0.492837 0.569836 0.554647 0.529849 0.577499 0.565172 0.515689 0.605159
1 0.467507 0.484207 0.536728 0.459149 0.551048 0.498707 0.481827 0.523765
1 0.449710 0.439707 0.518931 0.414649 0.533251 0.454207 0.464030 0.479265
1 0.429483 0.360426 0.498705 0.335368 0.513025 0.374926 0.443803 0.399984
0 0.433802 0.404537 0.503111 0.373243 0.520089 0.410845 0.450780 0.442140
0 0.476059 0.523655 0.549411 0.503589 0.560300 0.543392 0.486948 0.563458
0 0.516288 0.607823 0.580354 0.566851 0.602587 0.601615 0.538521 0.642587
1 0.828177 0.762590 0.877351 0.798448 0.855901 0.827864 0.806727 0.792005
1 0.903974 0.810746 0.953148 0.846604 0.931698 0.876020 0.882524 0.840162
0 0.417948 0.322325 0.492930 0.309643 0.497755 0.338167 0.422773 0.350849
0 0.415365 0.277826 0.491335 0.274244 0.492987 0.309260 0.417016 0.312842
1 0.419985 0.231623 0.493457 0.226871 0.496171 0.268846 0.422700 0.273597
