1 0.134014 0.587846 0.173302 0.567741 0.202837 0.625459 0.163550 0.645563
1 0.090163 0.609486 0.129450 0.589382 0.158986 0.647100 0.119698 0.667204
1 0.049108 0.625455 0.088395 0.605351 0.117931 0.663068 0.078644 0.683173
1 0.304569 0.513689 0.343856 0.493585 0.373392 0.551303 0.334105 0.571407
1 0.336506 0.498291 0.375794 0.478187 0.405330 0.535904 0.366042 0.556009
1 0.472834 0.418432 0.512122 0.398327 0.541658 0.456045 0.502370 0.476149
1 0.498163 0.397854 0.537450 0.377749 0.566986 0.435467 0.527698 0.455571
1 0.577311 0.372525 0.616599 0.352421 0.646134 0.410139 0.606847 0.430243
1 0.677038 0.325043 0.709371 0.308497 0.738907 0.366215 0.706574 0.382761
1 0.745413 0.288004 0.777746 0.271458 0.807282 0.329176 0.774949 0.345722
0 0.205099 0.555821 0.237715 0.538039 0.266956 0.591671 0.234340 0.609454
0 0.238161 0.537946 0.270777 0.520164 0.300018 0.573796 0.267403 0.591579
0 0.274091 0.523116 0.306699 0.505337 0.335941 0.558970 0.303332 0.576749
1 0.166249 0.575269 0.205543 0.555161 0.235079 0.612879 0.195785 0.632987
0 0.377872 0.482632 0.410481 0.464853 0.439722 0.518485 0.407113 0.536264
0 0.401818 0.464384 0.434433 0.446601 0.463675 0.500233 0.431059 0.518016
0 0.543237 0.396523 0.575846 0.378744 0.605091 0.432383 0.572482 0.450162
0 0.611606 0.356413 0.644215 0.338634 0.673456 0.392267 0.640848 0.410046
0 0.643068 0.344102 0.675683 0.326320 0.704925 0.379952 0.672309 0.397735
0 0.714208 0.316735 0.746824 0.298953 0.776065 0.352585 0.743450 0.370368
