0 0.691843 0.663056 0.719586 0.689941 0.668056 0.743116 0.640313 0.716231
0 0.660217 0.636676 0.687954 0.663555 0.636424 0.716730 0.608686 0.689851
0 0.627390 0.615298 0.655133 0.642183 0.603603 0.695358 0.575859 0.668473
0 0.596092 0.592402 0.623829 0.619282 0.572299 0.672457 0.544561 0.645577
0 0.563265 0.568736 0.591008 0.595621 0.539478 0.648796 0.511734 0.621911
0 0.526624 0.558048 0.554367 0.584933 0.502837 0.638108 0.475094 0.611223
0 0.486163 0.542017 0.513906 0.568902 0.462376 0.622077 0.434633 0.595192
0 0.425856 0.492395 0.449369 0.515180 0.397839 0.568355 0.374326 0.545570
0 0.367843 0.444306 0.395586 0.471191 0.344056 0.524366 0.316313 0.497481
0 0.333490 0.419879 0.361228 0.446759 0.309697 0.499934 0.281960 0.473054
0 0.777013 0.565684 0.804751 0.592563 0.753221 0.645738 0.725483 0.618859
0 0.732733 0.545829 0.760477 0.572714 0.708946 0.625889 0.681203 0.599004
0 0.696093 0.522165 0.723836 0.549050 0.672306 0.602225 0.644563 0.575340
0 0.634257 0.475603 0.662000 0.502488 0.610470 0.555663 0.582727 0.528778
0 0.598382 0.455751 0.626125 0.482636 0.574595 0.535811 0.546852 0.508926
0 0.563265 0.434376 0.591008 0.461261 0.539478 0.514436 0.511734 0.487551
0 0.501435 0.389340 0.529173 0.416219 0.477643 0.469395 0.449905 0.442515
1 0.450245 0.510867 0.481511 0.536549 0.436450 0.591407 0.405184 0.565725
1 0.658269 0.502078 0.689534 0.527760 0.644473 0.582618 0.613208 0.556936
1 0.514763 0.427269 0.546022 0.452945 0.500956 0.507810 0.469697 0.482133
1 0.457506 0.360852 0.488771 0.386534 0.443705 0.441398 0.412440 0.415716
1 0.193855 0.332054 0.225120 0.357736 0.180059 0.412594 0.148794 0.386912
1 0.293527 0.396796 0.324792 0.422478 0.279731 0.477336 0.248466 0.451655
1 0.158503 0.310328 0.189769 0.336010 0.144708 0.390868 0.113442 0.365186
1 0.118034 0.290734 0.149300 0.316416 0.104239 0.371274 0.072974 0.345592
0 0.265303 0.372762 0.293040 0.399641 0.241510 0.452816 0.213772 0.425937
0 0.233779 0.352738 0.261517 0.379618 0.209987 0.432793 0.182249 0.405913
0 0.396068 0.472434 0.423806 0.499313 0.372276 0.552488 0.344538 0.525609
0 0.422957 0.334689 0.453891 0.357831 0.409535 0.417123 0.378601 0.393981
0 0.395504 0.307352 0.425982 0.331078 0.380496 0.389508 0.350018 0.365781
0 0.362748 0.278355 0.393191 0.302139 0.347603 0.360489 0.317160 0.336704
0 0.324552 0.253787 0.355446 0.276983 0.310987 0.336197 0.280093 0.313001
0 0.290111 0.228096 0.320177 0.252356 0.273678 0.309982 0.243612 0.285722
1 0.222381 0.219602 0.253646 0.245284 0.208580 0.300148 0.177315 0.274466
